15493 00000000
15493 00000000
15493 00000000
15493 00000000
15493 00000000
15493 00000000
15493 00000000
15493 00000000
15493 00000000
15493 00000000
15493 00000000
15493 00000000
15493 00000000
15493 00000000
15493 00000000
15493 00000000
15493 00000000
15493 00000000
15493 00000000
15493 00000000
15525 00000000
15525 00000000
15525 00000000
15525 00000000
15525 00000000
15525 00000000
15525 00000000
15525 00000000
15525 00000000
15525 00000000
15525 00000000
15525 00000000
15525 00000000
15525 00000000
15525 00000000
15525 00000000
15525 00000000
15525 00000000
15525 00000000
15525 00000000
15557 00000000
15557 00000000
15557 00000000
15557 00000000
15557 00000000
15557 00000000
15557 00000000
15557 00000000
15557 00000000
15557 00000000
15557 00000000
15557 00000000
15557 00000000
15557 00000000
15557 00000000
15557 00000000
15557 00000000
15557 00000000
15557 00000000
15557 00000000
15589 00000000
15589 00000000
15589 00000000
15589 00000000
15589 00000000
15589 00000000
15589 00000000
15589 00000000
15589 00000000
15589 00000000
15589 00000000
15589 00000000
15589 00000000
15589 00000000
15589 00000000
15589 00000000
15589 00000000
15589 00000000
15589 00000000
15589 00000000
15621 00000000
15621 00000000
15621 00000000
15621 00000000
15621 00000000
15621 00000000
15621 00000000
15621 00000000
15621 00000000
15621 00000000
15621 00000000
15621 00000000
15621 00000000
15621 00000000
15621 00000000
15621 00000000
15621 00000000
15621 00000000
15621 00000000
15621 00000000
15653 00000000
15653 00000000
15653 00000000
15653 00000000
15653 00000000
15653 00000000
15653 00000000
15653 00000000
15653 00000000
15653 00000000
15653 00000000
15653 00000000
15653 00000000
15653 00000000
15653 00000000
15653 00000000
15653 00000000
15653 00000000
15653 00000000
15653 00000000
15685 00000000
15685 00000000
15685 00000000
15685 00000000
15685 00000000
15685 00000000
15685 00000000
15685 00000000
15685 00000000
15685 00000000
15685 00000000
15685 00000000
15685 00000000
15685 00000000
15685 00000000
15685 00000000
15685 00000000
15685 00000000
15685 00000000
15685 00000000
15717 00000000
15717 00000000
15717 00000000
15717 00000000
15717 00000000
15717 00000000
15717 00000000
15717 00000000
15717 00000000
15717 00000000
15717 00000000
15717 00000000
15717 00000000
15717 00000000
15717 00000000
15717 00000000
15717 00000000
15717 00000000
15717 00000000
15717 00000000
15749 00000000
15749 00000000
15749 00000000
15749 00000000
15749 00000000
15749 00000000
15749 00000000
15749 00000000
15749 00000000
15749 00000000
15749 00000000
15749 00000000
15749 00000000
15749 00000000
15749 00000000
15749 00000000
15749 00000000
15749 00000000
15749 00000000
15749 00000000
15781 00000000
15781 00000000
15781 00000000
15781 00000000
15781 00000000
15781 00000000
15781 00000000
15781 00000000
15781 00000000
15781 00000000
15781 00000000
15781 00000000
15781 00000000
15781 00000000
15781 00000000
15781 00000000
15781 00000000
15781 00000000
15781 00000000
15781 00000000
15813 00000000
15813 00000000
15813 00000000
15813 00000000
15813 00000000
15813 00000000
15813 00000000
15813 00000000
15813 00000000
15813 00000000
15813 00000000
15813 00000000
15813 00000000
15813 00000000
15813 00000000
15813 00000000
15813 00000001
15813 00000001
15813 00000000
15813 00000000
15845 00000001
15845 00000000
15845 00000000
15845 00000000
15845 00000001
15845 00000001
15845 00000001
15845 00000001
15845 00000001
15845 00000001
15845 00000001
15845 00000001
15845 00000001
15845 00000001
15845 00000002
15845 00000001
15845 00000001
15845 00000001
15845 00000001
15845 00000001
15877 00000001
15877 00000001
15877 00000001
15877 00000002
15877 00000002
15877 00000002
15877 00000002
15877 00000002
15877 00000002
15877 00000002
15877 00000002
15877 00000002
15877 00000002
15877 00000002
15877 00000002
15877 00000002
15877 00000002
15877 00000002
15877 00000002
15877 00000002
15909 00000002
15909 00000002
15909 00000002
15909 00000002
15909 00000002
15909 00000002
15909 00000003
15909 00000002
15909 00000003
15909 00000003
15909 00000003
15909 00000002
15909 00000002
15909 00000002
15909 00000004
15909 00000002
15909 00000004
15909 00000002
15909 00000003
15909 00000002
15941 00000004
15941 00000002
15941 00000002
15941 00000003
15941 00000004
15941 00000004
15941 00000004
15941 00000005
15941 00000005
15941 00000004
15941 00000005
15941 00000004
15941 00000004
15941 00000004
15941 00000004
15941 00000004
15941 00000004
15941 00000005
15941 00000004
15941 00000004
15973 00000005
15973 00000004
15973 00000005
15973 00000005
15973 00000005
15973 00000005
15973 00000005
15973 00000005
15973 00000005
15973 00000005
15973 00000005
15973 00000005
15973 00000005
15973 00000005
15973 00000005
15973 00000005
15973 00000005
15973 00000005
15973 00000005
15973 00000005
16005 00000005
16005 00000005
16005 00000005
16005 00000006
16005 00000006
16005 00000005
16005 00000005
16005 00000005
16005 00000006
16005 00000006
16005 00000006
16005 00000006
16005 00000006
16005 00000006
16005 00000006
16005 00000006
16005 00000005
16005 00000006
16005 00000006
16005 00000006
16037 00000006
16037 00000006
16037 00000006
16037 00000007
16037 00000006
16037 00000006
16037 00000007
16037 00000008
16037 00000008
16037 00000008
16037 00000008
16037 00000008
16037 00000007
16037 00000008
16037 00000007
16037 00000008
16037 00000008
16037 00000008
16037 00000008
16037 00000008
16069 00000008
16069 00000008
16069 00000008
16069 00000008
16069 00000008
16069 00000008
16069 00000009
16069 00000008
16069 00000009
16069 00000009
16069 00000009
16069 00000009
16069 00000009
16069 00000009
16069 00000009
16069 00000009
16069 00000009
16069 00000008
16069 00000008
16069 00000009
16101 00000009
16101 00000008
16101 00000008
16101 00000009
16101 00000009
16101 00000009
16101 0000000A
16101 00000009
16101 0000000A
16101 0000000A
16101 0000000A
16101 00000009
16101 0000000A
16101 0000000A
16101 0000000A
16101 0000000A
16101 0000000A
16101 0000000A
16101 0000000A
16101 0000000A
16133 0000000A
16133 0000000A
16133 0000000A
16133 0000000A
16133 0000000A
16133 0000000A
16133 0000000A
16133 0000000A
16133 0000000A
16133 0000000A
16133 0000000A
16133 0000000A
16133 0000000A
16133 0000000A
16133 0000000A
16133 0000000A
16133 0000000A
16133 0000000A
16133 0000000A
16133 0000000A
16165 0000000A
16165 0000000A
16165 0000000B
16165 0000000B
16165 0000000B
16165 0000000A
16165 0000000B
16165 0000000B
16165 0000000B
16165 0000000B
16165 0000000B
16165 0000000B
16165 0000000B
16165 0000000B
16165 0000000B
16165 0000000B
16165 0000000B
16165 0000000C
16165 0000000B
16165 0000000B
16197 0000000B
16197 0000000B
16197 0000000D
16197 0000000B
16197 0000000C
16197 0000000D
16197 0000000D
16197 0000000D
16197 0000000D
16197 0000000D
16197 0000000D
16197 0000000D
16197 0000000D
16197 0000000D
16197 0000000D
16197 0000000D
16197 0000000D
16197 0000000D
16197 0000000D
16197 0000000D
16229 0000000D
16229 0000000D
16229 0000000D
16229 0000000D
16229 0000000D
16229 0000000D
16229 0000000E
16229 0000000D
16229 0000000D
16229 0000000D
16229 0000000D
16229 0000000E
16229 0000000D
16229 0000000D
16229 0000000D
16229 0000000D
16229 0000000D
16229 0000000D
16229 0000000D
16229 0000000D
16261 0000000D
16261 0000000D
16261 0000000E
16261 0000000E
16261 0000000E
16261 0000000E
16261 0000000E
16261 0000000E
16261 0000000E
16261 0000000E
16261 0000000F
16261 0000000F
16261 0000000E
16261 0000000E
16261 00000010
16261 0000000E
16261 0000000E
16261 0000000E
16261 0000000E
16261 0000000F
16293 0000000F
16293 0000000F
16293 0000000F
16293 00000010
16293 00000010
16293 0000000F
16293 00000010
16293 00000010
16293 00000010
16293 00000011
16293 00000010
16293 00000010
16293 00000010
16293 00000010
16293 00000010
16293 00000010
16293 00000010
16293 00000010
16293 00000010
16293 00000010
16325 00000011
16325 00000010
16325 00000011
16325 00000011
16325 00000011
16325 00000011
16325 00000011
16325 00000011
16325 00000011
16325 00000011
16325 00000011
16325 00000012
16325 00000011
16325 00000012
16325 00000011
16325 00000011
16325 00000012
16325 00000012
16325 00000012
16325 00000012
16357 00000011
16357 00000011
16357 00000012
16357 00000012
16357 00000012
16357 00000012
16