36601 000003D1
36601 000003D1
36601 000003D1
36601 000003D0
36601 000003D1
36601 000003D0
36601 000003D0
36601 000003D1
36601 000003D0
36601 000003D0
36601 000003D1
36601 000003D0
36601 000003D1
36601 000003D1
36601 000003D1
36601 000003D1
36601 000003D1
36601 000003D1
36601 000003D1
36601 000003D1
36601 000003D1
36601 000003D1
36601 000003D0
36601 000003D1
36601 000003D0
36601 000003D1
36601 000003D1
36601 000003D1
36601 000003D1
36601 000003D0
36602 000003D0
36602 000003D0
36602 000003D1
36602 000003D1
36602 000003D1
36602 000003D0
36602 000003D0
36602 000003D0
36602 000003D0
36602 000003D1
36602 000003D0
36602 000003D1
36602 000003D1
36602 000003D0
36602 000003D1
36602 000003D1
36602 000003D1
36602 000003D0
36602 000003D1
36602 000003D1
36602 000003D1
36602 000003D1
36602 000003D0
36602 000003D1
36602 000003D1
36602 000003D1
36602 000003D0
36602 000003D1
36602 000003D1
36602 000003D1
36603 000003D1
36603 000003D0
36603 000003D1
36603 000003D1
36603 000003D1
36603 000003D1
36603 000003D0
36603 000003D1
36603 000003D1
36603 000003D1
36603 000003D1
36603 000003D1
36603 000003D1
36603 000003D0
36603 000003D1
36603 000003D0
36603 000003D1
36603 000003D0
36603 000003D1
36603 000003D0
36603 000003D1
36603 000003D1
36603 000003D1
36603 000003D1
36603 000003D1
36603 000003D1
36603 000003D1
36603 000003D1
36603 000003D1
36603 000003D0
36604 000003D1
36604 000003D1
36604 000003D1
36604 000003D1
36604 000003D1
36604 000003D1
36604 000003D1
36604 000003D1
36604 000003D1
36604 000003D1
36604 000003D1
36604 000003D0
36604 000003D1
36604 000003D0
36604 000003D1
36604 000003D1
36604 000003D0
36604 000003D1
36604 000003D0
36604 000003D1
36604 000003D1
36604 000003D1
36604 000003D1
36604 000003D0
36604 000003D0
36604 000003D1
36604 000003D0
36604 000003D1
36604 000003D1
36604 000003D1
36605 000003D1
36605 000003D1
36605 000003D1
36605 000003D1
36605 000003D1
36605 000003D1
36605 000003D1
36605 000003D1
36605 000003D0
36605 000003D1
36605 000003D0
36605 000003D0
36605 000003D1
36605 000003D1
36605 000003D1
36605 000003D1
36605 000003D1
36605 000003D1
36605 000003D1
36605 000003D1
36605 000003D1
36605 000003D0
36605 000003D0
36605 000003D1
36605 000003D1
36605 000003D1
36605 000003D1
36605 000003D1
36605 000003D0
36605 000003D1
36606 000003D1
36606 000003D0
36606 000003D0
36606 000003D0
36606 000003D1
36606 000003D1
36606 000003D1
36606 000003D1
36606 000003D1
36606 000003D0
36606 000003D0
36606 000003D0
36606 000003D0
36606 000003D0
36606 000003D0
36606 000003D1
36606 000003D0
36606 000003D1
36606 000003D0
36606 000003D1
36606 000003D1
36606 000003D1
36606 000003D1
36606 000003D1
36606 000003D1
36606 000003D1
36606 000003D0
36606 000003D0
36606 000003D1
36606 000003D1
36607 000003D1
36607 000003D1
36607 000003D1
36607 000003D1
36607 000003D1
36607 000003D1
36607 000003D0
36607 000003D1
36607 000003D1
36607 000003D1
36607 000003D0
36607 000003D1
36607 000003D1
36607 000003D1
36607 000003D1
36607 000003D1
36607 000003D1
36607 000003D1
36607 000003D1
36607 000003D1
36607 000003D1
36607 000003D1
36607 000003D1
36607 000003D1
36607 000003D1
36607 000003D0
36607 000003D1
36607 000003D0
36607 000003D0
36607 000003D1
36608 000003D1
36608 000003D1
36608 000003D1
36608 000003D1
36608 000003D1
36608 000003D1
36608 000003D1
36608 000003D0
36608 000003D1
36608 000003D1
36608 000003D1
36608 000003D1
36608 000003D1
36608 000003D1
36608 000003D1
36608 000003D1
36608 000003D1
36608 000003D1
36608 000003D1
36608 000003D1
36608 000003D1
36608 000003D0
36608 000003D1
36608 000003D1
36608 000003D1
36608 000003D1
36608 000003D0
36608 000003D1
36608 000003D1
36608 000003D1
36609 000003D2
36609 000003D1
36609 000003D1
36609 000003D0
36609 000003D1
36609 000003D1
36609 000003D1
36609 000003D1
36609 000003D1
36609 000003D1
36609 000003D1
36609 000003D1
36609 000003D1
36609 000003D1
36609 000003D0
36609 000003D1
36609 000003D1
36609 000003D0
36609 000003D1
36609 000003D1
36609 000003D1
36609 000003D1
36609 000003D1
36609 000003D1
36609 000003D1
36609 000003D1
36609 000003D0
36609 000003D1
36609 000003D1
36609 000003D1
36610 000003D1
36610 000003D1
36610 000003D1
36610 000003D1
36610 000003D1
36610 000003D1
36610 000003D1
36610 000003D1
36610 000003D1
36610 000003D1
36610 000003D1
36610 000003D1
36610 000003D1
36610 000003D1
36610 000003D1
36610 000003D0
36610 000003D1
36610 000003D1
36610 000003D1
36610 000003D1
36610 000003D1
36610 000003D0
36610 000003D1
36610 000003D1
36610 000003D1
36610 000003D1
36610 000003D1
36610 000003D1
36610 000003D1
36610 000003D1
36611 000003D1
36611 000003D1
36611 000003D0
36611 000003D1
36611 000003D1
36611 000003D1
36611 000003D1
36611 000003D1
36611 000003D1
36611 000003D1
36611 000003D1
36611 000003D1
36611 000003D1
36611 000003D1
36611 000003D1
36611 000003D1
36611 000003D1
36611 000003D1
36611 000003D1
36611 000003D1
36611 000003D1
36611 000003D1
36611 000003D1
36611 000003D1
36611 000003D1
36611 000003D1
36611 000003D1
36611 000003D0
36611 000003D1
36611 000003D0
36612 000003D1
36612 000003D1
36612 000003D1
36612 000003D1
36612 000003D1
36612 000003D1
36612 000003D0
36612 000003D1
36612 000003D1
36612 000003D1
36612 000003D1
36612 000003D1
36612 000003D1
36612 000003D1
36612 000003D1
36612 000003D1
36612 000003D1
36612 000003D1
36612 000003D1
36612 000003D1
36612 000003D1
36612 000003D1
36612 000003D1
36612 000003D1
36612 000003D0
36612 000003D1
36612 000003D1
36612 000003D1
36612 000003D1
36612 000003D1
36613 000003D1
36613 000003D1
36613 000003D1
36613 000003D0
36613 000003D1
36613 000003D1
36613 000003D0
36613 000003D1
36613 000003D1
36613 000003D1
36613 000003D1
36613 000003D1
36613 000003D1
36613 000003D1
36613 000003D1
36613 000003D1
36613 000003D1
36613 000003D1
36613 000003D1
36613 000003D1
36613 000003D1
36613 000003D1
36613 000003D1
36613 000003D1
36613 000003D1
36613 000003D1
36613 000003D1
36613 000003D1
36613 000003D1
36613 000003D1
36614 000003D0
36614 000003D1
36614 000003D1
36614 000003D1
36614 000003D1
36614 000003D1
36614 000003D1
36614 000003D1
36614 000003D1
36614 000003D1
36614 000003D1
36614 000003D1
36614 000003D1
36614 000003D1
36614 000003D1
36614 000003D1
36614 000003D1
36614 000003D1
36614 000003D1
36614 000003D0
36614 000003D1
36614 000003D1
36614 000003D1
36614 000003D1
36614 000003D1
36614 000003D1
36614 000003D1
36614 000003D1
36614 000003D1
36614 000003D0
36615 000003D1
36615 000003D1
36615 000003D1
36615 000003D1
36615 000003D1
36615 000003D1
36615 000003D1
36615 000003D1
36615 000003D1
36615 000003D2
36615 000003D1
36615 000003D1
36615 000003D1
36615 000003D1
36615 000003D1
36615 000003D1
36615 000003D1
36615 000003D1
36615 000003D1
36615 000003D1
36615 000003D1
36615 000003D1
36615 000003D1
36615 000003D1
36615 000003D1
36615 000003D1
36615 000003D2
36615 000003D1
36615 000003D1
36615 000003D1
36616 000003D1
36616 000003D1
36616 000003D1
36616 000003D1
36616 000003D1
36616 000003D1
36616 000003D0
36616 000003D1
36616 000003D1
36616 000003D1
36616 000003D1
36616 000003D1
36616 000003D1
36616 000003D1
36616 000003D1
36616 000003D1
36616 000003D1
36616 000003D1
36616 000003D1
36616 000003D1
36616 000003D2
36616 000003D1
36616 000003D1
36616 000003D1
36616 000003D2
36616 000003D1
36616 000003D0
36616 000003D2
36616 000003D1
36616 000003D1
36617 000003D1
36617 000003D1
36617 000003D1
36617 000003D1
36617 000003D1
36617 000003D1
36617 000003D1
36617 000003D1
36617 000003D1
36617 000003D1
36617 000003D1
36617 000003D1
36617 000003D1
36617 000003D1
36617 000003D1
36617 000003D1
36617 000003D1
36617 000003D1
36617 000003D1
36617 000003D1
36617 000003D1
36617 000003D1
36617 000003D1
36617 000003D1
36617 000003D1
36617 000003D1
36617 000003D1
36617 000003D1
36617 000003D1
36617 000003D1
36618 000003D1
36618 000003D1
36618 000003D1
36618 000003D1
36618 000003D1
36618 000003D1
36618 000003D1
36618 000003D2
36618 000003D1
36618 000003D1
36618 000003D1
36618 000003D1
36618 000003D1
36618 000003D1
36618 000003D1
36618 000003D1
36618 000003D1
36618 000003D1
36618 000003D1
36618 000003D1
36618 000003D1
36618 000003D1
36618 000003D1
36618 000003D1
36618 000003D1
36618 000003D1
36618 000003D1
36618 000003D1
36618 000003D1
36618 000003D1
36619 000003D1
36619 000003D0
36619 000003D1
36619 000003D1
36619 000003D1
36619 000003D1
36619 000003D1
36619 000003D1
36619 000003D1
36619 000003D1
36619 000003D1
36619 000003D1
36619 000003D1
36619 000003D1
36619 000003D1
36619 000003D1
36619 000003D1
36619 000003D1
36619 000003D1
36619 000003D1
36619 000003D1
36619 000003D1
36619 000003D1
36619 000003D1
36619 000003D1
36619 000003D1
36619 000003D1
36619 000003D1
36619 000003D1
36619 000003D1
36620 000003D1
36620 000003D1
36620 000003D1
36620 000003D1
36620 000003D2
36620 000003D2
36620 000003D1
36620 000003D1
36620 000003D1
36620 000003D1
36620 000003D1
36620 000003D2
36620 000003D1
36620 000003D1
36620 000003D1
36620 000003D1
36620 000003D1
36620 000003D1
36620 000003D1
36620 000003D1
36620 000003D1
36620 000003D1
36620 000003D1
36620 000003D1
36620 000003D1
36620 000003D1
36620 000003D1
36620 000003D1
36620 000003D1
36620 000003D1
36621 000003D1
36621 000003D1
36621 000003D1
36621 000003D1
36621 000003D0
36621 000003D1
36621 000003D1
36621 000003D2
36621 000003D1
36621 000003D2
36621 000003D1
36621 000003D1
36621 000003D1
36621 000003D1
36621 000003D1
36621 000003D1
36621 000003D0
36621 000003D1
36621 000003D1
36621 000003D1
36621 000003D1
36621 000003D1
36621 000003D2
36621 000003D2
36621 000003D1
36621 000003D1
36621 000003D1
36621 000003D1
36621 000003D1
36621 000003D1
36622 000003D1
36622 000003D1
36622 000003D1
36622 000003D1
36622 000003D2
36622 000003D1
36622 000003D1
36622 000003D1
36622 000003D1
36622 000003D2
36622 000003D1
36622 000003D1
36622 000003D1
36622 000003D1
36622 000003D1
36622 000003D1
36622 000003D2
36622 000003D1
36622 000003D1
36622 000003D2
36622 000003D2
36622 000003D1
36622 000003D1
36622 000003D1
36622 000003D1
36622 000003D1
36622 000003D1
36622 000003D1
36622 000003D0
36622 000003D1
36623 000003D1
36623 000003D1
36623 000003D2
36623 000003D2
36623 000003D1
36623 000003D1
36623 000003D2
36623 000003D1
36623 000003D1
36623 000003D1
36623 000003D1
36623 000003D1
36623 000003D1
36623 000003D1
36623 000003D1
36623 000003D2
36623 000003D1
36623 000003D1
36623 000003D1
36623 000003D1
36623 000003D1
36623 000003D1
36623 000003D1
36623 000003D1
36623 000003D2
36623 000003D1
36623 000003D1
36623 000003D1
36623 000003D2
36623 000003D1
36624 000003D1
36624 000003D1
36624 000003D1
36624 000003D2
36624 000003D1
36624 000003D1
36624 000003D1
36624 000003D1
36624 000003D1
36624 000003D1
36624 000003D2
36624 000003D1
36624 000003D1
36624 000003D2
36624 000003D2
36624 000003D2
36624 000003D1
36624 000003D1
36624 000003D1
36624 000003D1
36624 000003D2
36624 000003D1
36624 000003D1
36624 000003D1
36624 000003D1
36624 000003D1
36624 000003D2
36624 000003D1
36624 000003D2
36624 000003D2
36625 000003D1
36625 000003D1
36625 000003D1
36625 000003D2
36625 000003D1
36625 000003D1
36625 000003D1
36625 000003D1
36625 000003D2
36625 000003D2
36625 000003D1
36625 000003D1
36625 000003D2
36625 000003D1
36625 000003D1
36625 000003D2
36625 000003D1
36625 000003D2
36625 000003D2
36625 000003D1
36625 000003D1
36625 000003D2
36625 000003D1
36625 000003D1
36625 000003D1
36625 000003D1
36625 000003D1
36625 000003D1
36625 000003D1
36625 000003D1
36626 000003D2
36626 000003D2
36626 000003D1
36626 000003D1
36626 000003D1
36626 000003D2
36626 000003D1
36626 000003D1
36626 000003D1
36626 000003D1
36626 000003D1
36626 000003D1
36626 000003D2
36626 000003D2
36626 000003D1
36626 000003D1
36626 000003D1
36626 000003D2
36626 000003D1
36626 000003D1
36626 000003D1
36626 000003D1
36626 000003D1
36626 000003D1
36626 000003D2
36626 000003D1
36626 000003D2
36626 000003D1
36626 000003D2
36626 000003D2
36627 000003D1
36627 000003D2
36627 000003D1
36627 000003D2
36627 000003D1
36627 000003D1
36627 000003D2
36627 000003D1
36627 000003D1
36627 000003D2
36627 000003D1
36627 000003D1
36627 000003D2
36627 000003D1
36627 000003D1
36627 000003D1
36627 000003D1
36627 000003D2
36627 000003D0
36627 000003D2
36627 000003D2
36627 000003D1
36627 000003D1
36627 000003D1
36627 000003D2
36627 000003D1
36627 000003D1
36627 000003D1
36627 000003D1
36627 000003D2
36628 000003D2
36628 000003D1
36628 000003D1
36628 000003D1
36628 000003D1
36628 000003D1
36628 000003D1
36628 000003D1
36628 000003D2
36628 000003D1
36628 000003D1
36628 000003D1
36628 000003D1
36628 000003D2
36628 000003D2
36628 000003D1
36628 000003D1
36628 000003D1
36628 000003D1
36628 000003D0
36628 000003D1
36628 000003D1
36628 000003D2
36628 000003D2
36628 000003D1
36628 000003D2
36628 000003D2
36628 000003D1
36628 000003D1
36628 000003D2
36629 000003D1
36629 000003D2
36629 000003D2
36629 000003D1
36629 000003D2
36629 000003D2
36629 000003D1
36629 000003D2
36629 000003D1
36629 000003D2
36629 000003D1
36629 000003D2
36629 000003D2
36629 000003D2
36629 000003D1
36629 000003D2
36629 000003D2
36629 000003D2
36629 000003D2
36629 000003D1
36629 000003D2
36629 000003D2
36629 000003D2
36629 000003D2
36629 000003D1
36629 000003D1
36629 000003D2
36629 000003D2
36629 000003D2
36629 000003D1
36630 000003D2
36630 000003D1
36630 000003D1
36630 000003D1
36630 000003D2
36630 000003D2
36630 000003D1
36630 000003D2
36630 000003D1
36630 000003D1
36630 000003D1
36630 000003D1
36630 000003D2
36630 000003D1
36630 000003D2
36630 000003D1
36630 000003D1
36630 000003D1
36630 000003D1
36630 000003D2
36630 000003D1
36630 000003D2
36630 000003D2
36630 000003D2
36630 000003D1
36630 000003D2
36630 000003D1
36630 000003D2
36630 000003D2
36630 000003D1
36631 000003D1
36631 000003D1
36631 000003D2
36631 000003D2
36631 000003D1
36631 000003D2
36631 000003D2
36631 000003D2
36631 000003D1
36631 000003D1
36631 000003D2
36631 000003D1
36631 000003D2
36631 000003D1
36631 000003D1
36631 000003D2
36631 000003D2
36631 000003D1
36631 000003D2
36631 000003D1
36631 000003D1
36631 000003D1
36631 000003D2
36631 000003D2
36631 000003D1
36631 000003D1
36631 000003D1
36631 000003D2
36631 000003D1
36631 000003D1
36632 000003D1
36632 000003D2
36632 000003D2
36632 000003D2
36632 000003D2
36632 000003D2
36632 000003D1
36632 000003D1
36632 000003D1
36632 000003D1
36632 000003D1
36632 000003D1
36632 000003D1
36632 000003D1
36632 000003D1
36632 000003D1
36632 000003D2
36632 000003D1
36632 000003D2
36632 000003D2
36632 000003D2
36632 000003D2
36632 000003D1
36632 000003D1
36632 000003D1
36632 000003D1
36632 000003D2
36632 000003D2
36632 000003D2
36632 000003D1
36633 000003D2
36633 000003D2
36633 000003D1
36633 000003D1
36633 000003D2
36633 000003D2
36633 000003D2
36633 000003D2
36633 000003D2
36633 000003D1
36633 000003D2
36633 000003D2
36633 000003D1
36633 000003D2
36633 000003D1
36633 000003D2
36633 000003D1
36633 000003D2
36633 000003D2
36633 000003D2
36633 000003D1
36633 000003D1
36633 000003D1
36633 000003D2
36633 000003D1
36633 000003D2
36633 000003D1
36633 000003D1
36633 000003D2
36633 000003D1
36634 000003D2
36634 000003D2
36634 000003D2
36634 000003D2
36634 000003D2
36634 000003D2
36634 000003D2
36634 000003D2
36634 000003D1
36634 000003D1
36634 000003D2
36634 000003D2
36634 000003D2
36634 000003D2
36634 000003D2
36634 000003D2
36634 000003D2
36634 000003D1
36634 000003D1
36634 000003D2
36634 000003D2
36634 000003D2
36634 000003D2
36634 000003D2
36634 000003D2
36634 000003D2
36634 000003D2
36634 000003D2
36634 000003D2
36634 000003D2
36635 000003D2
36635 000003D1
36635 000003D1
36635 000003D2
36635 000003D1
36635 000003D2
36635 000003D1
36635 000003D2
36635 000003D2
36635 000003D1
36635 000003D1
36635 000003D1
36635 000003D2
36635 000003D1
36635 000003D2
36635 000003D1
36635 000003D2
36635 000003D2
36635 000003D2
36635 000003D2
36635 000003D2
36635 000003D2
36635 000003D1
36635 000003D2
36635 000003D2
36635 000003D1
36635 000003D2
36635 000003D2
36635 000003D2
36635 000003D2
36636 000003D1
36636 000003D1
36636 000003D2
36636 000003D2
36636 000003D2
36636 000003D2
36636 000003D1
36636 000003D2
36636 000003D2
36636 000003D1
36636 000003D2
36636 000003D2
36636 000003D2
36636 000003D1
36636 000003D2
36636 000003D2
36636 000003D2
36636 000003D2
36636 000003D2
36636 000003D1
36636 000003D2
36636 000003D1
36636 000003D2
36636 000003D2
36636 000003D1
36636 000003D2
36636 000003D2
36636 000003D2
36636 000003D2
36636 000003D2
36637 000003D2
36637 000003D2
36637 000003D2
36637 000003D2
36637 000003D2
36637 000003D2
36637 000003D1
36637 000003D2
36637 000003D2
36637 000003D2
36637 000003D2
36637 000003D2
3663