@isf_pulse = 0.8640000000000001us, sampling pulse width = 0.04us, input clk freq is 250.0MHzcap load is 1fF, vcm = 1.0, v0 = 1.0, vrefp = 1.25, vrefn = 0.75.
0.95 00000017
0.95 00000017
0.95 00000017
0.95 00000017
0.95 00000017
0.95 00000017
0.95 00000017
0.95 00000017
0.95 00000017
0.95 00000017
0.95 00000017
0.95 00000017
0.95 00000016
0.95 00000016
0.95 00000017
0.95 00000017
0.95 00000017
0.95 00000017
0.95 00000017
0.95 00000017
0.95 00000017
0.95 00000017
0.95 00000017
0.95 00000017
0.95 00000017
0.95 00000016
0.95 00000017
0.95 00000017
0.95 00000017
0.95 00000017
0.95 00000017
0.95 00000017
0.95 00000017
0.95 00000017
0.95 00000017
0.95 00000017
0.95 00000017
0.95 00000017
0.95 00000017
0.95 00000017
0.95 00000016
0.95 00000017
0.95 00000017
0.95 00000017
0.95 00000017
0.95 00000017
0.95 00000017
0.95 00000017
0.95 00000017
0.95 00000017
0.9652 0000002F
0.9652 0000002F
0.9652 0000002F
0.9652 0000002F
0.9652 0000002F
0.9652 0000002F
0.9652 0000002F
0.9652 0000002F
0.9652 0000002F
0.9652 0000002F
0.9652 0000002F
0.9652 0000002F
0.9652 0000002F
0.9652 0000002F
0.9652 0000002F
0.9652 0000002F
0.9652 0000002F
0.9652 0000002F
0.9652 0000002F
0.9652 0000002F
0.9652 0000002F
0.9652 0000002F
0.9652 0000002F
0.9652 0000002F
0.9652 0000002F
0.9652 0000002F
0.9652 0000002F
0.9652 0000002F
0.9652 0000002F
0.9652 0000002F
0.9652 0000002F
0.9652 0000002F
0.9652 0000002F
0.9652 0000002E
0.9652 0000002E
0.9652 0000002F
0.9652 0000002F
0.9652 0000002F
0.9652 0000002F
0.9652 0000002F
0.9652 0000002F
0.9652 0000002F
0.9652 0000002F
0.9652 0000002F
0.9652 0000002F
0.9652 0000002F
0.9652 0000002F
0.9652 0000002F
0.9652 0000002F
0.9652 0000002F
0.9803999999999999 00000039
0.9803999999999999 00000039
0.9803999999999999 00000039
0.9803999999999999 00000039
0.9803999999999999 00000039
0.9803999999999999 00000039
0.9803999999999999 00000039
0.9803999999999999 00000039
0.9803999999999999 00000039
0.9803999999999999 00000039
0.9803999999999999 00000039
0.9803999999999999 00000039
0.9803999999999999 00000039
0.9803999999999999 00000039
0.9803999999999999 00000039
0.9803999999999999 00000039
0.9803999999999999 00000039
0.9803999999999999 00000039
0.9803999999999999 00000039
0.9803999999999999 00000039
0.9803999999999999 00000039
0.9803999999999999 00000039
0.9803999999999999 00000039
0.9803999999999999 00000039
0.9803999999999999 00000039
0.9803999999999999 00000039
0.9803999999999999 00000039
0.9803999999999999 00000039
0.9803999999999999 00000039
0.9803999999999999 00000039
0.9803999999999999 00000039
0.9803999999999999 00000039
0.9803999999999999 00000039
0.9803999999999999 00000039
0.9803999999999999 00000039
0.9803999999999999 00000039
0.9803999999999999 00000039
0.9803999999999999 00000039
0.9803999999999999 00000039
0.9803999999999999 00000039
0.9803999999999999 00000039
0.9803999999999999 00000039
0.9803999999999999 00000039
0.9803999999999999 00000039
0.9803999999999999 00000039
0.9803999999999999 00000039
0.9803999999999999 00000039
0.9803999999999999 00000039
0.9803999999999999 00000039
0.9803999999999999 00000039
0.9955999999999999 00000052
0.9955999999999999 00000052
0.9955999999999999 00000052
0.9955999999999999 00000052
0.9955999999999999 00000051
0.9955999999999999 00000051
0.9955999999999999 00000052
0.9955999999999999 00000052
0.9955999999999999 00000052
0.9955999999999999 00000052
0.9955999999999999 00000052
0.9955999999999999 00000052
0.9955999999999999 00000052
0.9955999999999999 00000052
0.9955999999999999 00000052
0.9955999999999999 00000052
0.9955999999999999 00000052
0.9955999999999999 00000052
0.9955999999999999 00000052
0.9955999999999999 00000051
0.9955999999999999 00000051
0.9955999999999999 00000051
0.9955999999999999 00000051
0.9955999999999999 00000051
0.9955999999999999 00000051
0.9955999999999999 00000052
0.9955999999999999 00000052
0.9955999999999999 00000052
0.9955999999999999 00000051
0.9955999999999999 00000051
0.9955999999999999 00000052
0.9955999999999999 00000052
0.9955999999999999 00000051
0.9955999999999999 00000051
0.9955999999999999 00000052
0.9955999999999999 00000052
0.9955999999999999 00000052
0.9955999999999999 00000052
0.9955999999999999 00000052
0.9955999999999999 00000051
0.9955999999999999 00000051
0.9955999999999999 00000052
0.9955999999999999 00000052
0.9955999999999999 00000052
0.9955999999999999 00000051
0.9955999999999999 00000051
0.9955999999999999 00000052
0.9955999999999999 00000052
0.9955999999999999 00000052
0.9955999999999999 00000052
1.0108 0000005B
1.0108 0000005B
1.0108 0000005B
1.0108 0000005B
1.0108 0000005B
1.0108 0000005B
1.0108 0000005B
1.0108 0000005B
1.0108 0000005B
1.0108 0000005B
1.0108 0000005B
1.0108 0000005B
1.0108 0000005B
1.0108 0000005B
1.0108 0000005B
1.0108 0000005B
1.0108 0000005B
1.0108 0000005B
1.0108 0000005B
1.0108 0000005B
1.0108 0000005B
1.0108 0000005B
1.0108 0000005B
1.0108 0000005B
1.0108 0000005B
1.0108 0000005B
1.0108 0000005B
1.0108 0000005B
1.0108 0000005B
1.0108 0000005B
1.0108 0000005B
1.0108 0000005B
1.0108 0000005B
1.0108 0000005B
1.0108 0000005B
1.0108 0000005B
1.0108 0000005B
1.0108 0000005B
1.0108 0000005B
1.0108 0000005B
1.0108 0000005B
1.0108 0000005B
1.0108 0000005B
1.0108 0000005B
1.0108 0000005B
1.0108 0000005B
1.0108 0000005B
1.0108 0000005B
1.0108 0000005B
1.0108 0000005B
1.026 00000073
1.026 00000073
1.026 00000074
1.026 00000073
1.026 00000073
1.026 00000073
1.026 00000073
1.026 00000073
1.026 00000074
1.026 00000073
1.026 00000073
1.026 00000073
1.026 00000074
1.026 00000074
1.026 00000073
1.026 00000073
1.026 00000073
1.026 00000074
1.026 00000073
1.026 00000073
1.026 00000073
1.026 00000073
1.026 00000074
1.026 00000074
1.026 00000074
1.026 00000073
1.026 00000073
1.026 00000073
1.026 00000073
1.026 00000073
1.026 00000074
1.026 00000074
1.026 00000074
1.026 00000073
1.026 00000073
1.026 00000073
1.026 00000073
1.026 00000074
1.026 00000074
1.026 00000073
1.026 00000073
1.026 00000073
1.026 00000073
1.026 00000073
1.026 00000073
1.026 00000073
1.026 00000073
1.026 00000073
1.026 00000073
1.026 00000073
1.0412 0000007D
1.0412 0000007D
1.0412 0000007D
1.0412 0000007D
1.0412 0000007D
1.0412 0000007D
1.0412 0000007D
1.0412 0000007D
1.0412 0000007D
1.0412 0000007D
1.0412 0000007D
1.0412 0000007D
1.0412 0000007D
1.0412 0000007D
1.0412 0000007D
1.0412 0000007D
1.0412 0000007D
1.0412 0000007D
1.0412 0000007D
1.0412 0000007D
1.0412 0000007D
1.0412 0000007D
1.0412 0000007D
1.0412 0000007D
1.0412 0000007E
1.0412 0000007E
1.0412 0000007D
1.0412 0000007D
1.0412 0000007D
1.0412 0000007D
1.0412 0000007D
1.0412 0000007D
1.0412 0000007D
1.0412 0000007C
1.0412 0000007C
1.0412 0000007D
1.0412 0000007D
1.0412 0000007D
1.0412 0000007D
1.0412 0000007D
1.0412 0000007D
1.0412 0000007D
1.0412 0000007D
1.0412 0000007D
1.0412 0000007D
1.0412 0000007D
1.0412 0000007D
1.0412 0000007D
1.0412 0000007D
1.0412 0000007D
1.0564 00000095
1.0564 00000095
1.0564 00000096
1.0564 00000096
1.0564 00000095
1.0564 00000096
1.0564 00000096
1.0564 00000095
1.0564 00000095
1.0564 00000095
1.0564 00000096
1.0564 00000095
1.0564 00000095
1.0564 00000095
1.0564 00000095
1.0564 00000096
1.0564 00000096
1.0564 00000095
1.0564 00000096
1.0564 00000096
1.0564 00000095
1.0564 00000096
1.0564 00000096
1.0564 00000095
1.0564 00000095
1.0564 00000095
1.0564 00000095
1.0564 00000095
1.0564 00000095
1.0564 00000095
1.0564 00000096
1.0564 00000095
1.0564 00000095
1.0564 00000095
1.0564 00000095
1.0564 00000095
1.0564 00000095
1.0564 00000095
1.0564 00000095
1.0564 00000095
1.0564 00000096
1.0564 00000096
1.0564 00000095
1.0564 00000096
1.0564 00000096
1.0564 00000095
1.0564 00000095
1.0564 00000095
1.0564 00000095
1.0564 00000096
1.0715999999999999 000000AD
1.0715999999999999 000000AD
1.0715999999999999 000000AD
1.0715999999999999 000000AD
1.0715999999999999 000000AD
1.0715999999999999 000000AD
1.0715999999999999 0000009F
1.0715999999999999 0000009F
1.0715999999999999 0000009F
1.0715999999999999 000000AE
1.0715999999999999 000000AE
1.0715999999999999 0000009F
1.0715999999999999 0000009F
1.0715999999999999 0000009F
1.0715999999999999 0000009F
1.0715999999999999 0000009F
1.0715999999999999 000000AE
1.0715999999999999 000000AE
1.0715999999999999 000000AD
1.0715999999999999 000000AE
1.0715999999999999 000000AE
1.0715999999999999 000000AD
1.0715999999999999 000000AD
1.0715999999999999 000000AD
1.0715999999999999 0000009F
1.0715999999999999 000000AE
1.0715999999999999 000000AE
1.0715999999999999 000000AD
1.0715999999999999 000000AD
1.0715999999999999 0000009F
1.0715999999999999 0000009F
1.0715999999999999 000000AE
1.0715999999999999 000000AD
1.0715999999999999 000000AD
1.0715999999999999 000000AD
1.0715999999999999 000000AD
1.0715999999999999 000000AD
1.0715999999999999 000000AE
1.0715999999999999 000000AD
1.0715999999999999 000000AD
1.0715999999999999 000000AE
1.0715999999999999 000000AD
1.0715999999999999 000000AD
1.0715999999999999 000000AD
1.0715999999999999 0000009F
1.0715999999999999 000000AD
1.0715999999999999 000000AD
1.0715999999999999 000000AD
1.0715999999999999 000000AD
1.0715999999999999 000000AD
1.0868 000000B7
1.0868 000000B7
1.0868 000000B7
1.0868 000000B7
1.0868 000000B7
1.0868 000000B7
1.0868 000000B7
1.0868 000000B8
1.0868 000000B8
1.0868 000000B7
1.0868 000000B8
1.0868 000000B8
1.0868 000000B7
1.0868 000000B7
1.0868 000000B7
1.0868 000000B7
1.0868 000000B7
1.0868 000000B7
1.0868 000000B7
1.0868 000000B7
1.0868 000000B8
1.0868 000000B8
1.0868 000000B7
1.0868 000000B7
1.0868 000000B7
1.0868 000000B7
1.0868 000000B7
1.0868 000000B7
1.0868 000000B7
1.0868 000000B7
1.0868 000000B7
1.0868 000000B7
1.0868 000000B7
1.0868 000000B7
1.0868 000000B7
1.0868 000000B7
1.0868 000000B7
1.0868 000000B7
1.0868 000000B8
1.0868 000000B7
1.0868 000000B7
1.0868 000000B7
1.0868 000000B7
1.0868 000000B7
1.0868 000000B7
1.0868 000000B7
1.0868 000000B7
1.0868 000000B7
1.0868 000000B7
1.0868 000000B7
1.1019999999999999 000000D1
1.1019999999999999 000000D1
1.1019999999999999 000000D1
1.1019999999999999 000000D0
1.1019999999999999 000000D0
1.1019999999999999 000000D1
1.1019999999999999 000000D1
1.1019999999999999 000000D1
1.1019999999999999 000000D0
1.1019999999999999 000000D1
1.1019999999999999 000000D1
1.1019999999999999 000000D0
1.1019999999999999 000000D1
1.1019999999999999 000000D1
1.1019999999999999 000000D1
1.1019999999999999 000000D1
1.1019999999999999 000000D1
1.1019999999999999 000000D0
1.1019999999999999 000000D1
1.1019999999999999 000000D1
1.1019999999999999 000000D1
1.1019999999999999 000000D1
1.1019999999999999 000000D1
1.1019999999999999 000000D1
1.1019999999999999 000000D1
1.1019999999999999 000000D1
1.1019999999999999 000000D1
1.1019999999999999 000000D1
1.1019999999999999 000000D0
1.1019999999999999 000000D0
1.1019999999999999 000000D0
1.1019999999999999 000000D1
1.1019999999999999 000000D0
1.1019999999999999 000000D0
1.1019999999999999 000000D1
1.1019999999999999 000000D1
1.1019999999999999 000000D1
1.1019999999999999 000000D1
1.1019999999999999 000000D1
1.1019999999999999 000000D1
1.1019999999999999 000000D0
1.1019999999999999 000000D1
1.1019999999999999 000000D1
1.1019999999999999 000000D1
1.1019999999999999 000000D1
1.1019999999999999 000000D1
1.1019999999999999 000000D1
1.1019999999999999 000000D1
1.1019999999999999 000000D1
1.1019999999999999 000000D1
1.1172 000000DA
1.1172 000000DA
1.1172 000000DA
1.1172 000000DA
1.1172 000000DB
1.1172 000000DB
1.1172 000000DB
1.1172 000000DB
1.1172 000000DB
1.1172 000000DA
1.1172 000000DA
1.1172 000000DA
1.1172 000000DA
1.1172 000000DA
1.1172 000000DA
1.1172 000000DA
1.1172 000000DA
1.1172 000000DA
1.1172 000000DB
1.1172 000000DA
1.1172 000000DA
1.1172 000000DA
1.1172 000000DA
1.1172 000000DA
1.1172 000000DA
1.1172 000000DA
1.1172 000000DA
1.1172 000000DB
1.1172 000000DA
1.1172 000000DA
1.1172 000000DA
1.1172 000000DA
1.1172 000000DA
1.1172 000000DA
1.1172 000000DA
1.1172 000000DA
1.1172 000000DA
1.1172 000000DA
1.1172 000000DA
1.1172 000000DA
1.1172 000000DA
1.1172 000000DA
1.1172 000000DA
1.1172 000000DA
1.1172 000000DA
1.1172 000000DA
1.1172 000000DA
1.1172 000000DA
1.1172 000000DA
1.1172 000000DB
1.1324 000000F3
1.1324 000000F2
1.1324 000000F3
1.1324 000000F2
1.1324 000000F2
1.1324 000000F3
1.1324 000000F2
1.1324 000000F2
1.1324 000000F2
1.1324 000000F3
1.1324 000000F3
1.1324 000000F2
1.1324 000000F3
1.1324 000000F3
1.1324 000000F3
1.1324 000000F3
1.1324 000000F2
1.1324 000000F2
1.1324 000000F2
1.1324 000000F3
1.1324 000000F3
1.1324 000000F2
1.1324 000000F2
1.1324 000000F2
1.1324 000000F3
1.1324 000000F3
1.1324 000000F3
1.1324 000000F3
1.1324 000000F3
1.1324 000000F3
1.1324 000000F3
1.1324 000000F3
1.1324 000000F2
1.1324 000000F2
1.1324 000000F3
1.1324 000000F3
1.1324 000000F3
1.1324 000000F2
1.1324 000000F3
1.1324 000000F3
1.1324 000000F2
1.1324 000000F3
1.1324 000000F3
1.1324 000000F3
1.1324 000000F3
1.1324 000000F3
1.1324 000000F3
1.1324 000000F2
1.1324 000000F2
1.1324 000000F3
1.1476 000000FD
1.1476 000000FD
1.1476 000000FD
1.1476 000000FD
1.1476 000000FD
1.1476 000000FD
1.1476 000000FD
1.1476 000000FD
1.1476 000000FC
1.1476 000000FD
1.1476 000000FD
1.1476 000000FD
1.1476 000000FC
1.1476 000000FC
1.1476 000000FD
1.1476 000000FD
1.1476 000000FD
1.1476 000000FD
1.1476 000000FD
1.1476 000000FD
1.1476 000000FD
1.1476 000000FD
1.1476 000000FD
1.1476 000000FD
1.1476 000000FD
1.1476 000000FD
1.1476 000000FD
1.1476 000000FD
1.1476 000000FD
1.1476 000000FD
1.1476 000000FD
1.1476 000000FD
1.1476 000000FD
1.1476 000000FD
1.1476 000000FD
1.1476 000000FD
1.1476 000000FD
1.1476 000000FD
1.1476 000000FD
1.1476 000000FD
1.1476 000000FD
1.1476 000000FD
1.1476 000000FD
1.1476 000000FD
1.1476 000000FC
1.1476 000000FD
1.1476 000000FD
1.1476 000000FD
1.1476 000000FD
1.1476 000000FD
1.1628 00000116
1.1628 00000116
1.1628 00000115
1.1628 00000115
1.1628 00000115
1.1628 00000115
1.1628 00000115
1.1628 00000116
1.1628 00000116
1.1628 00000116
1.1628 00000115
1.1628 00000115
1.1628 00000115
1.1628 00000116
1.1628 00000116
1.1628 00000116
1.1628 00000116
1.1628 00000116
1.1628 00000116
1.1628 00000116
1.1628 00000116
1.1628 00000115
1.1628 00000115
1.1628 00000116
1.1628 00000115
1.1628 00000115
1.1628 00000116
1.1628 00000115
1.1628 00000115
1.1628 00000116
1.1628 00000116
1.1628 00000116
1.1628 00000115
1.1628 00000115
1.1628 00000115
1.1628 00000116
1.1628 00000115
1.1628 00000116
1.1628 00000116
1.1628 00000116
1.1628 00000115
1.1628 00000115
1.1628 00000115
1.1628 00000115
1.1628 00000115
1.1628 00000116
1.1628 00000116
1.1628 00000116
1.1628 00000115
1.1628 00000116
1.178 0000012E
1.178 0000012E
1.178 0000012E
1.178 0000012E
1.178 0000012E
1.178 0000012E
1.178 0000012E
1.178 0000012D
1.178 0000012E
1.178 0000012E
1.178 0000012E
1.178 0000012E
1.178 0000012E
1.178 0000012E
1.178 0000012D
1.178 0000012D
1.178 0000012E
1.178 0000012D
1.178 0000012D
1.178 0000012E
1.178 0000012E
1.178 0000012E
1.178 0000012E
1.178 0000012E
1.178 0000012E
1.178 0000012E
1.178 0000012E
1.178 0000012E
1.178 0000012E
1.178 0000012E
1.178 0000012E
1.178 0000012E
1.178 0000012E
1.178 0000012E
1.178 0000012E
1.178 0000012E
1.178 0000012E
1.178 0000012E
1.178 0000012E
1.178 0000012E
1.178 0000012E
1.178 0000012E
1.178 0000012E
1.178 0000012E
1.178 0000012E
1.178 0000012E
1.178 0000012E
1.178 0000012E
1.178 0000012E
1.178 0000012E
1.1932 00000139
1.1932 00000139
1.1932 00000139
1.1932 00000139
1.1932 00000139
1.1932 00000139
1.1932 00000139
1.1932 00000139
1.1932 00000139
1.1932 00000138
1.1932 00000138
1.1932 00000139
1.1932 00000139
1.1932 00000139
1.1932 00000139
1.1932 00000139
1.1932 00000137
1.1932 00000137
1.1932 00000139
1.1932 00000139
1.1932 00000139
1.1932 00000139
1.1932 00000139
1.1932 00000139
1.1932 00000139
1.1932 00000139
1.1932 00000139
1.1932 00000138
1.1932 00000139
1.1932 00000139
1.1932 00000139
1.1932 00000139
1.1932 00000139
1.1932 00000139
1.1932 00000138
1.1932 00000138
1.1932 00000138
1.1932 00000138
1.1932 00000138
1.1932 00000137
1.1932 00000137
1.1932 00000139
1.1932 00000139
1.1932 00000139
1.1932 00000139
1.1932 00000139
1.1932 00000139
1.1932 00000139
1.1932 00000139
1.1932 00000138
1.2084 00000151
1.2084 00000152
1.2084 00000152
1.2084 00000151
1.2084 00000151
1.2084 00000151
1.2084 00000151
1.2084 00000151
1.2084 00000151
1.2084 00000152
1.2084 00000152
1.2084 00000152
1.2084 00000152
1.2084 00000151
1.2084 00000151
1.2084 00000151
1.2084 00000151
1.2084 00000151
1.2084 00000151
1.2084 00000151
1.2084 00000151
1.2084 00000151
1.2084 00000151
1.2084 00000151
1.2084 00000151
1.2084 00000151
1.2084 00000151
1.2084 00000151
1.2084 00000151
1.2084 00000151
1.2084 00000151
1.2084 00000151
1.2084 00000151
1.2084 00000152
1.2084 00000152
1.2084 00000151
1.2084 00000151
1.2084 00000152
1.2084 00000151
1.2084 00000151
1.2084 00000151
1.2084 00000152
1.2084 00000152
1.2084 00000151
1.2084 00000151
1.2084 00000151
1.2084 00000151
1.2084 00000152
1.2084 00000152
1.2084 00000152
1.2236 0000015B
1.2236 0000015B
1.2236 0000015B
1.2236 0000015B
1.2236 0000015B
1.2236 0000015B
1.2236 0000015B
1.2236 0000015B
1.2236 0000015B
1.2236 0000015B
1.2236 0000015B
1.2236 0000015B
1.2236 0000015B
1.2236 0000015B
1.2236 0000015B
1.2236 0000015B
1.2236 0000015B
1.2236 0000015B
1.2236 0000015B
1.2236 0000015B
1.2236 0000015B
1.2236 0000015B
1.2236 0000015B
1.2236 0000015B
1.2236 0000015B
1.2236 0000015B
1.2236 0000015B
1.2236 0000015B
1.2236 0000015B
1.2236 0000015B
1.2236 0000015B
1.2236 0000015B
1.2236 0000015B
1.2236 0000015B
1.2236 0000015B
1.2236 0000015B
1.2236 0000015B
1.2236 0000015B
1.2236 0000015B
1.2236 0000015B
1.2236 0000015B
1.2236 0000015B
1.2236 0000015B
1.2236 0000015B
1.2236 0000015B
1.2236 0000015B
1.2236 0000015B
1.2236 0000015B
1.2236 0000015B
1.2236 0000015B
1.2388 00000174
1.2388 00000174
1.2388 00000174
1.2388 00000173
1.2388 00000173
1.2388 00000173
1.2388 00000173
1.2388 00000174
1.2388 00000174
1.2388 00000174
1.2388 00000173
1.2388 00000173
1.2388 00000174
1.2388 00000174
1.2388 00000174
1.2388 00000174
1.2388 00000174
1.2388 00000173
1.2388 00000173
1.2388 00000174
1.2388 00000175
1.2388 00000175
1.2388 00000174
1.2388 00000174
1.2388 00000174
1.2388 00000174
1.2388 00000174
1.2388 00000174
1.2388 00000174
1.2388 00000174
1.2388 00000174
1.2388 00000174
1.2388 00000174
1.2388 00000174
1.2388 00000174
1.2388 00000173
1.2388 00000173
1.2388 00000174
1.2388 00000175
1.2388 00000175
1.2388 00000174
1.2388 00000174
1.2388 00000174
1.2388 00000174
1.2388 00000173
1.2388 00000173
1.2388 00000174
1.2388 00000174
1.2388 00000174
1.2388 00000174
1.254 0000017E
1.254 0000017E
1.254 0000017D
1.254 0000017E
1.254 0000017E
1.254 0000017E
1.254 0000017D
1.254 0000017E
1.254 0000017E
1.254 0000017E
1.254 0000017E
1.254 0000017E
1.254 0000017E
1.254 0000017E
1.254 0000017E
1.254 0000017E
1.254 0000017E
1.254 0000017E
1.254 0000017E
1.254 0000017E
1.254 0000017E
1.254 0000017E
1.254 0000017E
1.254 0000017E
1.254 0000017E
1.254 0000017D
1.254 0000017D
1.254 0000017E
1.254 0000017E
1.254 0000017E
1.254 0000017E
1.254 0000017E
1.254 0000017E
1.254 0000017E
1.254 0000017E
1.254 0000017D
1.254 0000017D
1.254 0000017D
1.254 0000017E
1.254 0000017E
1.254 0000017E
1.254 0000017E
1.254 0000017D
1.254 0000017D
1.254 0000017E
1.254 0000017E
1.254 0000017E
1.254 0000017E
1.254 0000017E
1.254 0000017D
1.2692 00000196
1.2692 00000197
1.2692 00000196
1.2692 00000196
1.2692 00000196
1.2692 00000196
1.2692 00000196
1.2692 00000196
1.2692 00000196
1.2692 00000196
1.2692 00000196
1.2692 00000196
1.2692 00000196
1.2692 00000196
1.2692 00000196
1.2692 00000196
1.2692 00000196
1.2692 00000196
1.2692 00000196
1.2692 00000196
1.2692 00000196
1.2692 00000196
1.2692 00000196
1.2692 00000196
1.2692 00000197
1.2692 00000196
1.2692 00000196
1.2692 00000196
1.2692 00000197
1.2692 00000197
1.2692 00000197
1.2692 00000196
1.2692 00000196
1.2692 00000196
1.2692 00000196
1.2692 00000197
1.2692 00000197
1.2692 00000196
1.2692 00000196
1.2692 00000196
1.2692 00000196
1.2692 00000197
1.2692 00000197
1.2692 00000197
1.2692 00000197
1.2692 00000196
1.2692 00000196
1.2692 00000196
1.2692 00000197
1.2692 00000197
1.2844 000001AF
1.2844 000001AF
1.2844 000001AF
1.2844 000001AF
1.2844 000001AF
1.2844 000001AF
1.2844 000001B0
1.2844 000001B0
1.2844 000001AF
1.2844 000001AF
1.2844 000001AF
1.2844 000001AF
1.2844 000001AF
1.2844 000001AF
1.2844 000001AF
1.2844 000001AF
1.2844 000001AF
1.2844 000001B0
1.2844 000001B0
1.2844 000001B0
1.2844 000001AF
1.2844 000001AF
1.2844 000001AF
1.2844 000001AF
1.2844 000001AF
1.2844 000001AF
1.2844 000001AF
1.2844 000001AF
1.2844 000001AF
1.2844 000001AF
1.2844 000001AF
1.2844 000001AF
1.2844 000001AF
1.2844 000001AF
1.2844 000001AF
1.2844 000001AE
1.2844 000001AE
1.2844 000001AE
1.2844 000001AF
1.2844 000001AF
1.2844 000001AF
1.2844 000001AF
1.2844 000001AF
1.2844 000001AF
1.2844 000001AF
1.2844 000001AF
1.2844 000001AF
1.2844 000001AF
1.2844 000001AF
1.2844 000001AF
1.2996 000001B9
1.2996 000001B9
1.2996 000001B9
1.2996 000001B9
1.2996 000001B9
1.2996 000001B9
1.2996 000001BA
1.2996 000001BA
1.2996 000001B9
1.2996 000001B9
1.2996 000001B9
1.2996 000001BA
1.2996 000001BA
1.2996 000001B9
1.2996 000001B9
1.2996 000001B9
1.2996 000001B9
1.2996 000001B9
1.2996 000001B9
1.2996 000001B9
1.2996 000001B9
1.2996 000001BA
1.2996 000001BA
1.2996 000001BA
1.2996 000001BA
1.2996 000001BA
1.2996 000001BA
1.2996 000001BA
1.2996 000001B9
1.2996 000001B9
1.2996 000001B9
1.2996 000001BA
1.2996 000001BA
1.2996 000001BA
1.2996 000001BA
1.2996 000001B9
1.2996 000001B9
1.2996 000001B9
1.2996 000001B9
1.2996 000001B9
1.2996 000001B9
1.2996 000001BA
1.2996 000001BA
1.2996 000001B9
1.2996 000001B9
1.2996 000001B9
1.2996 000001B9
1.2996 000001BA
1.2996 000001BA
1.2996 000001B9
1.3148 000001D2
1.3148 000001D2
1.3148 000001D2
1.3148 000001D2
1.3148 000001D2
1.3148 000001D3
1.3148 000001D2
1.3148 000001D2
1.3148 000001D2
1.3148 000001D2
1.3148 000001D2
1.3148 000001D2
1.3148 000001D3
1.3148 000001D3
1.3148 000001D2
1.3148 000001D2
1.3148 000001D2
1.3148 000001D2
1.3148 000001D2
1.3148 000001D2
1.3148 000001D2
1.3148 000001D2
1.3148 000001D2
1.3148 000001D2
1.3148 000001D2
1.3148 000001D2
1.3148 000001D2
1.3148 000001D3
1.3148 000001D3
1.3148 000001D2
1.3148 000001D2
1.3148 000001D2
1.3148 000001D2
1.3148 000001D2
1.3148 000001D2
1.3148 000001D2
1.3148 000001D2
1.3148 000001D2
1.3148 000001D2
1.3148 000001D2
1.3148 000001D2
1.3148 000001D2
1.3148 000001D2
1.3148 000001D2
1.3148 000001D2
1.3148 000001D2
1.3148 000001D2
1.3148 000001D2
1.3148 000001D2
1.3148 000001D2
1.33 000001DB
1.33 000001DC
1.33 000001DD
1.33 000001DD
1.33 000001DD
1.33 000001DD
1.33 000001DD
1.33 000001DC
1.33 000001DD
1.33 000001DD
1.33 000001DD
1.33 000001DD
1.33 000001DD
1.33 000001DD
1.33 000001DD
1.33 000001DD
1.33 000001DC
1.33 000001DC
1.33 000001DD
1.33 000001DD
1.33 000001DD
1.33 000001DC
1.33 000001DC
1.33 000001DC
1.33 000001DD
1.33 000001DD
1.33 000001DB
1.33 000001DD
1.33 000001DD
1.33 000001DD
1.33 000001DD
1.33 000001DD
1.33 000001DD
1.33 000001DD
1.33 000001DD
1.33 000001DD
1.33 000001DD
1.33 000001DD
1.33 000001DD
1.33 000001DD
1.33 000001DD
1.33 000001DD
1.33 000001DD
1.33 000001DC
1.33 000001DD
1.33 000001DD
1.33 000001DB
1.33 000001DC
1.33 000001DC
1.33 000001DC
1.3452 000001F5
1.3452 000001F5
1.3452 000001F5
1.3452 000001F5
1.3452 000001F5
1.3452 000001F5
1.3452 000001F5
1.3452 000001F5
1.3452 000001F5
1.3452 000001F5
1.3452 000001F5
1.3452 000001F5
1.3452 000001F5
1.3452 000001F5
1.3452 000001F5
1.3452 000001F5
1.3452 000001F5
1.3452 000001F5
1.3452 000001F5
1.3452 000001F5
1.3452 000001F5
1.3452 000001F5
1.3452 000001F5
1.3452 000001F5
1.3452 000001F5
1.3452 000001F5
1.3452 000001F5
1.3452 000001F5
1.3452 000001F5
1.3452 000001F5
1.3452 000001F5
1.3452 000001F5
1.3452 000001F5
1.3452 000001F5
1.3452 000001F5
1.3452 000001F5
1.3452 000001F5
1.3452 000001F5
1.3452 000001F5
1.3452 000001F5
1.3452 000001F5
1.3452 000001F5
1.3452 000001F5
1.3452 000001F5
1.3452 000001F5
1.3452 000001F5
1.3452 000001F5
1.3452 000001F5
1.3452 000001F5
1.3452 000001F5
1.3604 000001FF
1.3604 0000020F
1.3604 0000020F
1.3604 0000020E
1.3604 0000020E
1.3604 0000020E
1.3604 000001FF
1.3604 000001FF
1.3604 000001FF
1.3604 000001FF
1.3604 0000020E
1.3604 0000020E
1.3604 0000020E
1.3604 000001FF
1.3604 000001FF
1.3604 0000020F
1.3604 000001FF
1.3604 000001FF
1.3604 0000020E
1.3604 0000020E
1.3604 0000020E
1.3604 0000020E
1.3604 0000020E
1.3604 0000020E
1.3604 0000020E
1.3604 0000020F
1.3604 0000020F
1.3604 000001FF
1.3604 0000020E
1.3604 0000020E
1.3604 0000020E
1.3604 0000020E
1.3604 0000020E
1.3604 000001FF
1.3604 0000020F
1.3604 0000020F
1.3604 0000020E
1.3604 0000020E
1.3604 0000020E
1.3604 000001FE
1.3604 000001FE
1.3604 000001FF
1.3604 0000020E
1.3604 0000020E
1.3604 000001FF
1.3604 0000020E
1.3604 0000020E
1.3604 000001FF
1.3604 000001FF
1.3604 000001FF
1.3756 00000219
1.3756 00000219
1.3756 00000219
1.3756 00000219
1.3756 00000219
1.3756 00000219
1.3756 00000219
1.3756 00000219
1.3756 00000219
1.3756 00000219
1.3756 00000219
1.3756 00000219
1.3756 00000219
1.3756 00000218
1.3756 00000219
1.3756 00000219
1.3756 00000219
1.3756 00000219
1.3756 00000219
1.3756 00000219
1.3756 00000219
1.3756 00000219
1.3756 00000219
1.3756 00000219
1.3756 00000219
1.3756 00000219
1.3756 00000219
1.3756 00000219
1.3756 00000219
1.3756 00000219
1.3756 00000219
1.3756 00000219
1.3756 00000219
1.3756 00000219
1.3756 00000219
1.3756 00000219
1.3756 00000219
1.3756 00000219
1.3756 00000219
1.3756 00000219
1.3756 00000219
1.3756 00000219
1.3756 00000219
1.3756 00000219
1.3756 00000219
1.3756 00000219
1.3756 00000219
1.3756 00000219
1.3756 00000218
1.3756 00000219
1.3908 00000231
1.3908 00000231
1.3908 00000231
1.3908 00000231
1.3908 00000231
1.3908 00000231
1.3908 00000231
1.3908 00000231
1.3908 00000231
1.3908 00000232
1.3908 00000231
1.3908 00000231
1.3908 00000231
1.3908 00000231
1.3908 00000231
1.3908 00000231
1.3908 00000232
1.3908 00000232
1.3908 00000231
1.3908 00000231
1.3908 00000231
1.3908 00000231
1.3908 00000232
1.3908 00000232
1.3908 00000231
1.3908 00000231
1.3908 00000231
1.3908 00000231
1.3908 00000232
1.3908 00000232
1.3908 00000231
1.3908 00000232
1.3908 00000232
1.3908 00000231
1.3908 00000232
1.3908 00000232
1.3908 00000231
1.3908 00000231
1.3908 00000231
1.3908 00000231
1.3908 00000232
1.3908 00000232
1.3908 00000231
1.3908 00000231
1.3908 00000231
1.3908 00000232
1.3908 00000232
1.3908 00000231
1.3908 00000231
1.3908 00000231
1.4060000000000001 0000023B
1.4060000000000001 0000023B
1.4060000000000001 0000023B
1.4060000000000001 0000023B
1.4060000000000001 0000023B
1.4060000000000001 0000023B
1.4060000000000001 0000023B
1.4060000000000001 0000023B
1.4060000000000001 0000023B
1.4060000000000001 0000023B
1.4060000000000001 0000023B
1.4060000000000001 0000023B
1.4060000000000001 0000023B
1.4060000000000001 0000023B
1.4060000000000001 0000023B
1.4060000000000001 0000023B
1.4060000000000001 0000023B
1.4060000000000001 0000023B
1.4060000000000001 0000023B
1.4060000000000001 0000023B
1.4060000000000001 0000023B
1.4060000000000001 0000023B
1.4060000000000001 0000023B
1.4060000000000001 0000023C
1.4060000000000001 0000023C
1.4060000000000001 0000023B
1.4060000000000001 0000023B
1.4060000000000001 0000023B
1.4060000000000001 0000023B
1.4060000000000001 0000023B
1.4060000000000001 0000023B
1.4060000000000001 0000023B
1.4060000000000001 0000023B
1.4060000000000001 0000023B
1.4060000000000001 0000023B
1.4060000000000001 0000023B
1.4060000000000001 0000023B
1.4060000000000001 0000023B
1.4060000000000001 0000023B
1.4060000000000001 0000023B
1.4060000000000001 0000023C
1.4060000000000001 0000023C
1.4060000000000001 0000023C
1.4060000000000001 0000023B
1.4060000000000001 0000023B
1.4060000000000001 0000023B
1.4060000000000001 0000023B
1.4060000000000001 0000023B
1.4060000000000001 0000023B
1.4060000000000001 0000023C
1.4212 00000255
1.4212 00000255
1.4212 00000254
1.4212 00000255
1.4212 00000255
1.4212 00000254
1.4212 00000254
1.4212 00000254
1.4212 00000255
1.4212 00000254
1.4212 00000254
1.4212 00000255
1.4212 00000254
1.4212 00000254
1.4212 00000255
1.4212 00000255
1.4212 00000255
1.4212 00000255
1.4212 00000254
1.4212 00000254
1.4212 00000254
1.4212 00000254
1.4212 00000254
1.4212 00000255
1.4212 00000255
1.4212 00000255
1.4212 00000255
1.4212 00000255
1.4212 00000255
1.4212 00000254
1.4212 00000254
1.4212 00000254
1.4212 00000254
1.4212 00000254
1.4212 00000254
1.4212 00000254
1.4212 00000254
1.4212 00000255
1.4212 00000254
1.4212 00000254
1.4212 00000254
1.4212 00000255
1.4212 00000255
1.4212 00000255
1.4212 00000255
1.4212 00000254
1.4212 00000254
1.4212 00000254
1.4212 00000255
1.4212 00000255
1.4364 0000025E
1.4364 0000025E
1.4364 0000025E
1.4364 0000025E
1.4364 0000025E
1.4364 0000025E
1.4364 0000025E
1.4364 0000025E
1.4364 0000025E
1.4364 0000025E
1.4364 0000025E
1.4364 0000025E
1.4364 0000025F
1.4364 0000025F
1.4364 0000025E
1.4364 0000025E
1.4364 0000025E
1.4364 0000025E
1.4364 0000025E
1.4364 0000025E
1.4364 0000025E
1.4364 0000025E
1.4364 0000025E
1.4364 0000025E
1.4364 0000025F
1.4364 0000025F
1.4364 0000025E
1.4364 0000025E
1.4364 0000025E
1.4364 0000025E
1.4364 0000025F
1.4364 0000025F
1.4364 0000025E
1.4364 0000025E
1.4364 0000025F
1.4364 0000025E
1.4364 0000025E
1.4364 0000025E
1.4364 0000025E
1.4364 0000025E
1.4364 0000025E
1.4364 0000025F
1.4364 0000025F
1.4364 0000025E
1.4364 0000025E
1.4364 0000025E
1.4364 0000025E
1.4364 0000025F
1.4364 0000025F
1.4364 0000025F
1.4516 00000277
1.4516 00000277
1.4516 00000277
1.4516 00000277
1.4516 00000277
1.4516 00000277
1.4516 00000277
1.4516 00000277
1.4516 00000277
1.4516 00000277
1.4516 00000277
1.4516 00000277
1.4516 00000277
1.4516 00000277
1.4516 00000276
1.4516 00000277
1.4516 00000277
1.4516 00000277
1.4516 00000277
1.4516 00000277
1.4516 00000277
1.4516 00000276
1.4516 00000276
1.4516 00000277
1.4516 00000277
1.4516 00000277
1.4516 00000277
1.4516 00000277
1.4516 00000277
1.4516 00000277
1.4516 00000277
1.4516 00000277
1.4516 00000277
1.4516 00000277
1.4516 00000277
1.4516 00000277
1.4516 00000277
1.4516 00000277
1.4516 00000277
1.4516 00000277
1.4516 00000277
1.4516 00000277
1.4516 00000277
1.4516 00000277
1.4516 00000277
1.4516 00000277
1.4516 00000277
1.4516 00000277
1.4516 00000277
1.4516 00000277
1.4668 00000290
1.4668 00000290
1.4668 00000290
1.4668 00000290
1.4668 00000290
1.4668 00000290
1.4668 00000290
1.4668 00000290
1.4668 00000290
1.4668 00000290
1.4668 00000290
1.4668 00000290
1.4668 00000290
1.4668 00000290
1.4668 00000290
1.4668 00000290
1.4668 00000290
1.4668 00000290
1.4668 00000290
1.4668 00000290
1.4668 00000290
1.4668 00000290
1.4668 00000290
1.4668 00000290
1.4668 00000290
1.4668 00000290
1.4668 00000290
1.4668 00000290
1.4668 00000291
1.4668 00000291
1.4668 00000290
1.4668 00000290
1.4668 00000290
1.4668 00000290
1.4668 00000290
1.4668 00000290
1.4668 00000290
1.4668 00000290
1.4668 00000290
1.4668 00000290
1.4668 00000290
1.4668 00000290
1.4668 00000290
1.4668 00000290
1.4668 00000290
1.4668 00000290
1.4668 00000290
1.4668 00000290
1.4668 00000290
1.4668 00000290
1.4820000000000002 0000029A
1.4820000000000002 0000029A
1.4820000000000002 0000029A
1.4820000000000002 0000029A
1.4820000000000002 0000029A
1.4820000000000002 0000029A
1.4820000000000002 0000029A
1.4820000000000002 0000029A
1.4820000000000002 0000029A
1.4820000000000002 0000029A
1.4820000000000002 0000029A
1.4820000000000002 0000029A
1.4820000000000002 0000029A
1.4820000000000002 0000029A
1.4820000000000002 0000029A
1.4820000000000002 0000029A
1.4820000000000002 0000029A
1.4820000000000002 0000029A
1.4820000000000002 0000029A
1.4820000000000002 0000029A
1.4820000000000002 0000029A
1.4820000000000002 0000029A
1.4820000000000002 0000029A
1.4820000000000002 0000029A
1.4820000000000002 0000029A
1.4820000000000002 0000029A
1.4820000000000002 0000029A
1.4820000000000002 0000029A
1.4820000000000002 0000029A
1.4820000000000002 0000029A
1.4820000000000002 0000029A
1.4820000000000002 0000029A
1.4820000000000002 0000029A
1.4820000000000002 0000029A
1.4820000000000002 0000029A
1.4820000000000002 0000029A
1.4820000000000002 0000029A
1.4820000000000002 0000029A
1.4820000000000002 0000029A
1.4820000000000002 0000029A
1.4820000000000002 0000029A
1.4820000000000002 0000029A
1.4820000000000002 0000029A
1.4820000000000002 0000029A
1.4820000000000002 0000029A
1.4820000000000002 0000029A
1.4820000000000002 0000029A
1.4820000000000002 0000029A
1.4820000000000002 0000029A
1.4820000000000002 0000029A
1.4971999999999999 000002B2
1.4971999999999999 000002B3
1.4971999999999999 000002B3
1.4971999999999999 000002B2
1.4971999999999999 000002B2
1.4971999999999999 000002B2
1.4971999999999999 000002B2
1.4971999999999999 000002B3
1.4971999999999999 000002B3
1.4971999999999999 000002B3
1.4971999999999999 000002B3
1.4971999999999999 000002B3
1.4971999999999999 000002B3
1.4971999999999999 000002B3
1.4971999999999999 000002B3
1.4971999999999999 000002B3
1.4971999999999999 000002B2
1.4971999999999999 000002B2
1.4971999999999999 000002B2
1.4971999999999999 000002B2
1.4971999999999999 000002B2
1.4971999999999999 000002B2
1.4971999999999999 000002B3
1.4971999999999999 000002B3
1.4971999999999999 000002B2
1.4971999999999999 000002B2
1.4971999999999999 000002B3
1.4971999999999999 000002B2
1.4971999999999999 000002B2
1.4971999999999999 000002B2
1.4971999999999999 000002B3
1.4971999999999999 000002B3
1.4971999999999999 000002B3
1.4971999999999999 000002B2
1.4971999999999999 000002B2
1.4971999999999999 000002B3
1.4971999999999999 000002B2
1.4971999999999999 000002B2
1.4971999999999999 000002B3
1.4971999999999999 000002B2
1.4971999999999999 000002B2
1.4971999999999999 000002B2
1.4971999999999999 000002B2
1.4971999999999999 000002B2
1.4971999999999999 000002B2
1.4971999999999999 000002B3
1.4971999999999999 000002B3
1.4971999999999999 000002B3
1.4971999999999999 000002B3
1.4971999999999999 000002B3
1.5124 000002BD
1.5124 000002BD
1.5124 000002BD
1.5124 000002BD
1.5124 000002BD
1.5124 000002BD
1.5124 000002BD
1.5124 000002BD
1.5124 000002BD
1.5124 000002BD
1.5124 000002BD
1.5124 000002BD
1.5124 000002BD
1.5124 000002BD
1.5124 000002BD
1.5124 000002BD
1.5124 000002BD
1.5124 000002BD
1.5124 000002BD
1.5124 000002BD
1.5124 000002BD
1.5124 000002BD
1.5124 000002BD
1.5124 000002BD
1.5124 000002BD
1.5124 000002BD
1.5124 000002BD
1.5124 000002BD
1.5124 000002BD
1.5124 000002BD
1.5124 000002BD
1.5124 000002BD
1.5124 000002BD
1.5124 000002BD
1.5124 000002BD
1.5124 000002BD
1.5124 000002BD
1.5124 000002BD
1.5124 000002BD
1.5124 000002BD
1.5124 000002BD
1.5124 000002BD
1.5124 000002BD
1.5124 000002BD
1.5124 000002BD
1.5124 000002BD
1.5124 000002BD
1.5124 000002BD
1.5124 000002BD
1.5124 000002BC
1.5276 000002D5
1.5276 000002D6
1.5276 000002D5
1.5276 000002D6
1.5276 000002D6
1.5276 000002D5
1.5276 000002D5
1.5276 000002D5
1.5276 000002D5
1.5276 000002D5
1.5276 000002D6
1.5276 000002D6
1.5276 000002D6
1.5276 000002D5
1.5276 000002D5
1.5276 000002D5
1.5276 000002D6
1.5276 000002D5
1.5276 000002D5
1.5276 000002D5
1.5276 000002D5
1.5276 000002D5
1.5276 000002D5
1.5276 000002D5
1.5276 000002D5
1.5276 000002D5
1.5276 000002D5
1.5276 000002D5
1.5276 000002D6
1.5276 000002D6
1.5276 000002D6
1.5276 000002D5
1.5276 000002D5
1.5276 000002D5
1.5276 000002D5
1.5276 000002D6
1.5276 000002D6
1.5276 000002D5
1.5276 000002D5
1.5276 000002D6
1.5276 000002D5
1.5276 000002D5
1.5276 000002D6
1.5276 000002D6
1.5276 000002D6
1.5276 000002D6
1.5276 000002D5
1.5276 000002D5
1.5276 000002D5
1.5276 000002D5
1.5428000000000002 000002EE
1.5428000000000002 000002EE
1.5428000000000002 000002EE
1.5428000000000002 000002EE
1.5428000000000002 000002EE
1.5428000000000002 000002EE
1.5428000000000002 000002EE
1.5428000000000002 000002EE
1.5428000000000002 000002EE
1.5428000000000002 000002DF
1.5428000000000002 000002DF
1.5428000000000002 000002EE
1.5428000000000002 000002EE
1.5428000000000002 000002EE
1.5428000000000002 000002EE
1.5428000000000002 000002EE
1.5428000000000002 000002EE
1.5428000000000002 000002EE
1.5428000000000002 000002EE
1.5428000000000002 000002EE
1.5428000000000002 000002EE
1.5428000000000002 000002DF
1.5428000000000002 000002DF
1.5428000000000002 000002EE
1.5428000000000002 000002EE
1.5428000000000002 000002EE
1.5428000000000002 000002DF
1.5428000000000002 000002EE
1.5428000000000002 000002EE
1.5428000000000002 000002EE
1.5428000000000002 000002EE
1.5428000000000002 000002EE
1.5428000000000002 000002EE
1.5428000000000002 000002ED
1.5428000000000002 000002ED
1.5428000000000002 000002EE
1.5428000000000002 000002EE
1.5428000000000002 000002EF
1.5428000000000002 000002DF
1.5428000000000002 000002DF
1.5428000000000002 000002EE
1.5428000000000002 000002EE
1.5428000000000002 000002EE
1.5428000000000002 000002DF
1.5428000000000002 000002EE
1.5428000000000002 000002EE
1.5428000000000002 000002EE
1.5428000000000002 000002EE
1.5428000000000002 000002EE
1.5428000000000002 000002EE
1.558 000002F8
1.558 000002F9
1.558 000002F9
1.558 000002F9
1.558 000002F9
1.558 000002F9
1.558 000002F9
1.558 000002F9
1.558 000002F9
1.558 000002F8
1.558 000002F8
1.558 000002F8
1.558 000002F8
1.558 000002F9
1.558 000002F9
1.558 000002F9
1.558 000002F8
1.558 000002F8
1.558 000002F9
1.558 000002F9
1.558 000002F9
1.558 000002F9
1.558 000002F9
1.558 000002F9
1.558 000002F8
1.558 000002F8
1.558 000002F8
1.558 000002F8
1.558 000002F9
1.558 000002F9
1.558 000002F9
1.558 000002F8
1.558 000002F8
1.558 000002F9
1.558 000002F9
1.558 000002F9
1.558 000002F9
1.558 000002F9
1.558 000002F9
1.558 000002F9
1.558 000002F9
1.558 000002F9
1.558 000002F8
1.558 000002F8
1.558 000002F9
1.558 000002F9
1.558 000002F9
1.558 000002F9
1.558 000002F9
1.558 000002F9
1.5732 00000312
1.5732 00000312
1.5732 00000312
1.5732 00000312
1.5732 00000312
1.5732 00000312
1.5732 00000312
1.5732 00000312
1.5732 00000312
1.5732 00000312
1.5732 00000312
1.5732 00000312
1.5732 00000312
1.5732 00000312
1.5732 00000312
1.5732 00000312
1.5732 00000312
1.5732 00000312
1.5732 00000312
1.5732 00000312
1.5732 00000312
1.5732 00000312
1.5732 00000312
1.5732 00000311
1.5732 00000312
1.5732 00000311
1.5732 00000311
1.5732 00000312
1.5732 00000312
1.5732 00000312
1.5732 00000312
1.5732 00000312
1.5732 00000312
1.5732 00000312
1.5732 00000312
1.5732 00000312
1.5732 00000312
1.5732 00000312
1.5732 00000312
1.5732 00000312
1.5732 00000312
1.5732 00000312
1.5732 00000312
1.5732 00000312
1.5732 00000312
1.5732 00000312
1.5732 00000312
1.5732 00000312
1.5732 00000312
1.5732 00000312
1.5884 0000031C
1.5884 0000031B
1.5884 0000031B
1.5884 0000031C
1.5884 0000031C
1.5884 0000031C
1.5884 0000031C
1.5884 0000031C
1.5884 0000031C
1.5884 0000031C
1.5884 0000031C
1.5884 0000031C
1.5884 0000031C
1.5884 0000031C
1.5884 0000031C
1.5884 0000031C
1.5884 0000031C
1.5884 0000031C
1.5884 0000031B
1.5884 0000031B
1.5884 0000031B
1.5884 0000031C
1.5884 0000031C
1.5884 0000031C
1.5884 0000031C
1.5884 0000031C
1.5884 0000031B
1.5884 0000031B
1.5884 0000031C
1.5884 0000031C
1.5884 0000031C
1.5884 0000031C
1.5884 0000031C
1.5884 0000031C
1.5884 0000031C
1.5884 0000031C
1.5884 0000031C
1.5884 0000031C
1.5884 0000031C
1.5884 0000031C
1.5884 0000031C
1.5884 0000031C
1.5884 0000031B
1.5884 0000031C
1.5884 0000031C
1.5884 0000031C
1.5884 0000031C
1.5884 0000031C
1.5884 0000031C
1.5884 0000031B
1.6036000000000001 00000334
1.6036000000000001 00000335
1.6036000000000001 00000335
1.6036000000000001 00000334
1.6036000000000001 00000334
1.6036000000000001 00000334
1.6036000000000001 00000335
1.6036000000000001 00000335
1.6036000000000001 00000335
1.6036000000000001 00000334
1.6036000000000001 00000334
1.6036000000000001 00000335
1.6036000000000001 00000335
1.6036000000000001 00000335
1.6036000000000001 00000335
1.6036000000000001 00000335
1.6036000000000001 00000335
1.6036000000000001 00000335
1.6036000000000001 00000335
1.6036000000000001 00000335
1.6036000000000001 00000334
1.6036000000000001 00000335
1.6036000000000001 00000335
1.6036000000000001 00000335
1.6036000000000001 00000335
1.6036000000000001 00000335
1.6036000000000001 00000334
1.6036000000000001 00000335
1.6036000000000001 00000335
1.6036000000000001 00000335
1.6036000000000001 00000335
1.6036000000000001 00000335
1.6036000000000001 00000334
1.6036000000000001 00000334
1.6036000000000001 00000334
1.6036000000000001 00000335
1.6036000000000001 00000335
1.6036000000000001 00000334
1.6036000000000001 00000335
1.6036000000000001 00000335
1.6036000000000001 00000335
1.6036000000000001 00000335
1.6036000000000001 00000335
1.6036000000000001 00000334
1.6036000000000001 00000335
1.6036000000000001 00000335
1.6036000000000001 00000334
1.6036000000000001 00000334
1.6036000000000001 00000334
1.6036000000000001 00000334
1.6188 0000033E
1.6188 0000033E
1.6188 0000033E
1.6188 0000033F
1.6188 0000033F
1.6188 0000033E
1.6188 0000033F
1.6188 0000033F
1.6188 0000033F
1.6188 0000033E
1.6188 0000033E
1.6188 0000033E
1.6188 0000033F
1.6188 0000033F
1.6188 0000033E
1.6188 0000033E
1.6188 0000033E
1.6188 0000033E
1.6188 0000033E
1.6188 0000033E
1.6188 0000033F
1.6188 0000033F
1.6188 0000033F
1.6188 0000033E
1.6188 0000033E
1.6188 0000033E
1.6188 0000033F
1.6188 0000033F
1.6188 0000033F
1.6188 0000033F
1.6188 0000033F
1.6188 0000033F
1.6188 0000033F
1.6188 0000033E
1.6188 0000033E
1.6188 0000033F
1.6188 0000033F
1.6188 0000033E
1.6188 0000033E
1.6188 0000033E
1.6188 0000033E
1.6188 0000033E
1.6188 0000033E
1.6188 0000033F
1.6188 0000034D
1.6188 0000034D
1.6188 0000034E
1.6188 0000033E
1.6188 0000033E
1.6188 0000033E
1.634 00000357
1.634 00000357
1.634 00000357
1.634 00000357
1.634 00000357
1.634 00000357
1.634 00000357
1.634 00000357
1.634 00000357
1.634 00000357
1.634 00000357
1.634 00000357
1.634 00000357
1.634 00000357
1.634 00000357
1.634 00000357
1.634 00000357
1.634 00000357
1.634 00000357
1.634 00000357
1.634 00000357
1.634 00000357
1.634 00000357
1.634 00000357
1.634 00000357
1.634 00000357
1.634 00000357
1.634 00000357
1.634 00000357
1.634 00000357
1.634 00000357
1.634 00000357
1.634 00000357
1.634 00000357
1.634 00000358
1.634 00000358
1.634 00000357
1.634 00000357
1.634 00000357
1.634 00000357
1.634 00000357
1.634 00000357
1.634 00000357
1.634 00000357
1.634 00000358
1.634 00000357
1.634 00000357
1.634 00000357
1.634 00000357
1.634 00000357
1.6492 00000371
1.6492 00000370
1.6492 00000370
1.6492 0000036F
1.6492 00000370
1.6492 00000370
1.6492 00000370
1.6492 00000370
1.6492 00000371
1.6492 00000371
1.6492 0000036F
1.6492 0000036F
1.6492 0000036F
1.6492 00000370
1.6492 00000370
1.6492 00000370
1.6492 00000370
1.6492 00000370
1.6492 00000370
1.6492 00000370
1.6492 00000370
1.6492 00000370
1.6492 00000370
1.6492 00000370
1.6492 00000370
1.6492 00000370
1.6492 00000370
1.6492 00000370
1.6492 0000036F
1.6492 0000036F
1.6492 00000370
1.6492 00000370
1.6492 00000370
1.6492 0000036F
1.6492 0000036F
1.6492 0000036F
1.6492 00000370
1.6492 00000370
1.6492 00000370
1.6492 00000370
1.6492 00000370
1.6492 0000036F
1.6492 00000370
1.6492 00000370
1.6492 00000370
1.6492 00000370
1.6492 00000370
1.6492 00000370
1.6492 0000036F
1.6492 0000036F
1.6644 0000037A
1.6644 0000037A
1.6644 0000037A
1.6644 0000037A
1.6644 0000037A
1.6644 0000037A
1.6644 0000037A
1.6644 0000037A
1.6644 0000037A
1.6644 0000037A
1.6644 0000037A
1.6644 0000037A
1.6644 0000037A
1.6644 0000037A
1.6644 0000037A
1.6644 0000037A
1.6644 0000037A
1.6644 0000037A
1.6644 0000037A
1.6644 0000037A
1.6644 0000037A
1.6644 0000037A
1.6644 0000037A
1.6644 0000037A
1.6644 0000037A
1.6644 0000037A
1.6644 0000037A
1.6644 0000037A
1.6644 0000037A
1.6644 0000037A
1.6644 0000037A
1.6644 0000037A
1.6644 0000037A
1.6644 0000037A
1.6644 0000037A
1.6644 0000037A
1.6644 0000037A
1.6644 0000037A
1.6644 0000037A
1.6644 0000037A
1.6644 0000037A
1.6644 0000037A
1.6644 0000037A
1.6644 0000037A
1.6644 0000037A
1.6644 0000037A
1.6644 0000037A
1.6644 0000037A
1.6644 0000037A
1.6644 0000037A
1.6796 00000393
1.6796 00000393
1.6796 00000392
1.6796 00000392
1.6796 00000392
1.6796 00000392
1.6796 00000392
1.6796 00000392
1.6796 00000393
1.6796 00000392
1.6796 00000392
1.6796 00000392
1.6796 00000393
1.6796 00000393
1.6796 00000393
1.6796 00000392
1.6796 00000392
1.6796 00000393
1.6796 00000392
1.6796 00000392
1.6796 00000393
1.6796 00000392
1.6796 00000392
1.6796 00000392
1.6796 00000392
1.6796 00000392
1.6796 00000392
1.6796 00000393
1.6796 00000393
1.6796 00000393
1.6796 00000393
1.6796 00000393
1.6796 00000392
1.6796 00000393
1.6796 00000393
1.6796 00000392
1.6796 00000392
1.6796 00000392
1.6796 00000393
1.6796 00000393
1.6796 00000392
1.6796 00000392
1.6796 00000392
1.6796 00000393
1.6796 00000393
1.6796 00000393
1.6796 00000393
1.6796 00000393
1.6796 00000392
1.6796 00000392
1.6948 0000039D
1.6948 0000039D
1.6948 0000039D
1.6948 0000039D
1.6948 0000039D
1.6948 0000039D
1.6948 0000039D
1.6948 0000039D
1.6948 0000039D
1.6948 0000039D
1.6948 0000039D
1.6948 0000039D
1.6948 0000039D
1.6948 0000039D
1.6948 0000039D
1.6948 0000039D
1.6948 0000039D
1.6948 0000039D
1.6948 0000039D
1.6948 0000039D
1.6948 0000039D
1.6948 0000039D
1.6948 0000039D
1.6948 0000039D
1.6948 0000039D
1.6948 0000039D
1.6948 0000039D
1.6948 0000039C
1.6948 0000039C
1.6948 0000039D
1.6948 0000039D
1.6948 0000039D
1.6948 0000039D
1.6948 0000039D
1.6948 0000039D
1.6948 0000039D
1.6948 0000039D
1.6948 0000039D
1.6948 0000039D
1.6948 0000039D
1.6948 0000039D
1.6948 0000039D
1.6948 0000039D
1.6948 0000039D
1.6948 0000039D
1.6948 0000039D
1.6948 0000039D
1.6948 0000039D
1.6948 0000039D
1.6948 0000039D
1.71 000003B5
1.71 000003B5
1.71 000003B5
1.71 000003B5
1.71 000003B6
1.71 000003B5
1.71 000003B5
1.71 000003B5
1.71 000003B5
1.71 000003B5
1.71 000003B5
1.71 000003B5
1.71 000003B5
1.71 000003B5
1.71 000003B5
1.71 000003B6
1.71 000003B5
1.71 000003B5
1.71 000003B5
1.71 000003B5
1.71 000003B5
1.71 000003B5
1.71 000003B5
1.71 000003B5
1.71 000003B5
1.71 000003B5
1.71 000003B5
1.71 000003B5
1.71 000003B5
1.71 000003B5
1.71 000003B5
1.71 000003B6
1.71 000003B6
1.71 000003B5
1.71 000003B5
1.71 000003B5
1.71 000003B6
1.71 000003B5
1.71 000003B5
1.71 000003B5
1.71 000003B5
1.71 000003B5
1.71 000003B5
1.71 000003B5
1.71 000003B5
1.71 000003B5
1.71 000003B5
1.71 000003B5
1.71 000003B5
1.71 000003B5
1.7252 000003BF
1.7252 000003BF
1.7252 000003CE
1.7252 000003CE
1.7252 000003BF
1.7252 000003BF
1.7252 000003BF
1.7252 000003CE
1.7252 000003BF
1.7252 000003BF
1.7252 000003BF
1.7252 000003BF
1.7252 000003BF
1.7252 000003BE
1.7252 000003BF
1.7252 000003BF
1.7252 000003BF
1.7252 000003BF
1.7252 000003BF
1.7252 000003BF
1.7252 000003BF
1.7252 000003BF
1.7252 000003BF
1.7252 000003BF
1.7252 000003BF
1.7252 000003BF
1.7252 000003BF
1.7252 000003BF
1.7252 000003BF
1.7252 000003BF
1.7252 000003BF
1.7252 000003BF
1.7252 000003BF
1.7252 000003BF
1.7252 000003BF
1.7252 000003BF
1.7252 000003BF
1.7252 000003BF
1.7252 000003BF
1.7252 000003BF
1.7252 000003CE
1.7252 000003CE
1.7252 000003BF
1.7252 000003BF
1.7252 000003BF
1.7252 000003BF
1.7252 000003BF
1.7252 000003BF
1.7252 000003BF
1.7252 000003BF
1.7404000000000002 000003D8
1.7404000000000002 000003D8
1.7404000000000002 000003D8
1.7404000000000002 000003D8
1.7404000000000002 000003D8
1.7404000000000002 000003D9
1.7404000000000002 000003D8
1.7404000000000002 000003D8
1.7404000000000002 000003D8
1.7404000000000002 000003D8
1.7404000000000002 000003D8
1.7404000000000002 000003D8
1.7404000000000002 000003D8
1.7404000000000002 000003D8
1.7404000000000002 000003D8
1.7404000000000002 000003D8
1.7404000000000002 000003D9
1.7404000000000002 000003D8
1.7404000000000002 000003D8
1.7404000000000002 000003D8
1.7404000000000002 000003D8
1.7404000000000002 000003D8
1.7404000000000002 000003D8
1.7404000000000002 000003D9
1.7404000000000002 000003D9
1.7404000000000002 000003D8
1.7404000000000002 000003D8
1.7404000000000002 000003D8
1.7404000000000002 000003D8
1.7404000000000002 000003D8
1.7404000000000002 000003D8
1.7404000000000002 000003D8
1.7404000000000002 000003D8
1.7404000000000002 000003D8
1.7404000000000002 000003D8
1.7404000000000002 000003D8
1.7404000000000002 000003D8
1.7404000000000002 000003D8
1.7404000000000002 000003D8
1.7404000000000002 000003D8
1.7404000000000002 000003D9
1.7404000000000002 000003D9
1.7404000000000002 000003D9
1.7404000000000002 000003D8
1.7404000000000002 000003D8
1.7404000000000002 000003D8
1.7404000000000002 000003D9
1.7404000000000002 000003D9
1.7404000000000002 000003D8
1.7404000000000002 000003D9
1.7556000000000003 000003F1
1.7556000000000003 000003F1
1.7556000000000003 000003F1
1.7556000000000003 000003F1
1.7556000000000003 000003F1
1.7556000000000003 000003F1
1.7556000000000003 000003F1
1.7556000000000003 000003F1
1.7556000000000003 000003F1
1.7556000000000003 000003F1
1.7556000000000003 000003F1
1.7556000000000003 000003F1
1.7556000000000003 000003F1
1.7556000000000003 000003F1
1.7556000000000003 000003F1
1.7556000000000003 000003F1
1.7556000000000003 000003F1
1.7556000000000003 000003F1
1.7556000000000003 000003F1
1.7556000000000003 000003F1
1.7556000000000003 000003F1
1.7556000000000003 000003F1
1.7556000000000003 000003F1
1.7556000000000003 000003F1
1.7556000000000003 000003F1
1.7556000000000003 000003F1
1.7556000000000003 000003F1
1.7556000000000003 000003F1
1.7556000000000003 000003F1
1.7556000000000003 000003F1
1.7556000000000003 000003F1
1.7556000000000003 000003F1
1.7556000000000003 000003F1
1.7556000000000003 000003F1
1.7556000000000003 000003F1
1.7556000000000003 000003F1
1.7556000000000003 000003F1
1.7556000000000003 000003F1
1.7556000000000003 000003F0
1.7556000000000003 000003F0
1.7556000000000003 000003F1
1.7556000000000003 000003F1
1.7556000000000003 000003F0
1.7556000000000003 000003F1
1.7556000000000003 000003F1
1.7556000000000003 000003F1
1.7556000000000003 000003F1
1.7556000000000003 000003F1
1.7556000000000003 000003F1
1.7556000000000003 000003F1
1.7708 000003FB
1.7708 000003FB
1.7708 000003FB
1.7708 000003FB
1.7708 000003FA
1.7708 000003FB
1.7708 000003FB
1.7708 000003FA
1.7708 000003FA
1.7708 000003FB
1.7708 000003FB
1.7708 000003FB
1.7708 000003FA
1.7708 000003FB
1.7708 000003FB
1.7708 000003FB
1.7708 000003FB
1.7708 000003FB
1.7708 000003FB
1.7708 000003FB
1.7708 000003FB
1.7708 000003FB
1.7708 000003FB
1.7708 000003FB
1.7708 000003FB
1.7708 000003FA
1.7708 000003FA
1.7708 000003FB
1.7708 000003FA
1.7708 000003FA
1.7708 000003FB
1.7708 000003FB
1.7708 000003FB
1.7708 000003FA
1.7708 000003FA
1.7708 000003FA
1.7708 000003FB
1.7708 000003FB
1.7708 000003FA
1.7708 000003FA
1.7708 000003FB
1.7708 000003FA
1.7708 000003FA
1.7708 000003FA
1.7708 000003FB
1.7708 000003FB
1.7708 000003FB
1.7708 000003FA
1.7708 000003FA
1.7708 000003FB
1.786 00000452
1.786 00000452
1.786 00000452
1.786 00000452
1.786 00000452
1.786 00000452
1.786 00000452
1.786 00000452
1.786 00000452
1.786 00000452
1.786 00000452
1.786 00000452
1.786 00000452
1.786 00000452
1.786 00000452
1.786 00000452
1.786 00000451
1.786 00000451
1.786 00000452
1.786 00000452
1.786 00000451
1.786 00000451
1.786 00000451
1.786 00000451
1.786 00000452
1.786 00000452
1.786 00000451
1.786 00000452
1.786 00000452
1.786 00000452
1.786 00000451
1.786 00000451
1.786 00000452
1.786 00000451
1.786 00000451
1.786 00000451
1.786 00000451
1.786 00000451
1.786 00000451
1.786 00000451
1.786 00000452
1.786 00000451
1.786 00000451
1.786 00000452
1.786 00000451
1.786 00000451
1.786 00000452
1.786 00000451
1.786 00000451
1.786 00000451
1.8012000000000001 0000045B
1.8012000000000001 0000045B
1.8012000000000001 0000045B
1.8012000000000001 0000045B
1.8012000000000001 0000045B
1.8012000000000001 0000045B
1.8012000000000001 0000045B
1.8012000000000001 0000045C
1.8012000000000001 0000045C
1.8012000000000001 0000045C
1.8012000000000001 0000045B
1.8012000000000001 0000045B
1.8012000000000001 0000045B
1.8012000000000001 0000045B
1.8012000000000001 0000045B
1.8012000000000001 0000045B
1.8012000000000001 0000045B
1.8012000000000001 0000045B
1.8012000000000001 0000045B
1.8012000000000001 0000045B
1.8012000000000001 0000045B
1.8012000000000001 0000045B
1.8012000000000001 0000045B
1.8012000000000001 0000045B
1.8012000000000001 0000045B
1.8012000000000001 0000045B
1.8012000000000001 0000045B
1.8012000000000001 0000045B
1.8012000000000001 0000045C
1.8012000000000001 0000045C
1.8012000000000001 0000045C
1.8012000000000001 0000045B
1.8012000000000001 0000045B
1.8012000000000001 0000045C
1.8012000000000001 0000045B
1.8012000000000001 0000045B
1.8012000000000001 0000045B
1.8012000000000001 0000045B
1.8012000000000001 0000045B
1.8012000000000001 0000045B
1.8012000000000001 0000045B
1.8012000000000001 0000045B
1.8012000000000001 0000045C
1.8012000000000001 0000045C
1.8012000000000001 0000045B
1.8012000000000001 0000045C
1.8012000000000001 0000045C
1.8012000000000001 0000045B
1.8012000000000001 0000045B
1.8012000000000001 0000045B
1.8164000000000002 00000474
1.8164000000000002 00000474
1.8164000000000002 00000474
1.8164000000000002 00000474
1.8164000000000002 00000474
1.8164000000000002 00000474
1.8164000000000002 00000474
1.8164000000000002 00000474
1.8164000000000002 00000474
1.8164000000000002 00000474
1.8164000000000002 00000474
1.8164000000000002 00000474
1.8164000000000002 00000474
1.8164000000000002 00000473
1.8164000000000002 00000473
1.8164000000000002 00000474
1.8164000000000002 00000474
1.8164000000000002 00000474
1.8164000000000002 00000475
1.8164000000000002 00000474
1.8164000000000002 00000474
1.8164000000000002 00000474
1.8164000000000002 00000474
1.8164000000000002 00000474
1.8164000000000002 00000474
1.8164000000000002 00000474
1.8164000000000002 00000474
1.8164000000000002 00000474
1.8164000000000002 00000474
1.8164000000000002 00000474
1.8164000000000002 00000474
1.8164000000000002 00000474
1.8164000000000002 00000474
1.8164000000000002 00000474
1.8164000000000002 00000474
1.8164000000000002 00000474
1.8164000000000002 00000474
1.8164000000000002 00000474
1.8164000000000002 00000474
1.8164000000000002 00000474
1.8164000000000002 00000474
1.8164000000000002 00000474
1.8164000000000002 00000474
1.8164000000000002 00000474
1.8164000000000002 00000474
1.8164000000000002 00000474
1.8164000000000002 00000474
1.8164000000000002 00000474
1.8164000000000002 00000474
1.8164000000000002 00000474
1.8316000000000001 0000047E
1.8316000000000001 0000047E
1.8316000000000001 0000047E
1.8316000000000001 0000047E
1.8316000000000001 0000047E
1.8316000000000001 0000047E
1.8316000000000001 0000047E
1.8316000000000001 0000047D
1.8316000000000001 0000047D
1.8316000000000001 0000047D
1.8316000000000001 0000047D
1.8316000000000001 0000047D
1.8316000000000001 0000047D
1.8316000000000001 0000047D
1.8316000000000001 0000047D
1.8316000000000001 0000047D
1.8316000000000001 0000047D
1.8316000000000001 0000047E
1.8316000000000001 0000047E
1.8316000000000001 0000047E
1.8316000000000001 0000047D
1.8316000000000001 0000047D
1.8316000000000001 0000047D
1.8316000000000001 0000047E
1.8316000000000001 0000047E
1.8316000000000001 0000047D
1.8316000000000001 0000047E
1.8316000000000001 0000047E
1.8316000000000001 0000047E
1.8316000000000001 0000047E
1.8316000000000001 0000047E
1.8316000000000001 0000047E
1.8316000000000001 0000047E
1.8316000000000001 0000047E
1.8316000000000001 0000047E
1.8316000000000001 0000047E
1.8316000000000001 0000047E
1.8316000000000001 0000047E
1.8316000000000001 0000047E
1.8316000000000001 0000047E
1.8316000000000001 0000047E
1.8316000000000001 0000047E
1.8316000000000001 0000047E
1.8316000000000001 0000047E
1.8316000000000001 0000047E
1.8316000000000001 0000047E
1.8316000000000001 0000047E
1.8316000000000001 0000047D
1.8316000000000001 0000047D
1.8316000000000001 0000047E
1.8468000000000002 00000496
1.8468000000000002 00000496
1.8468000000000002 00000496
1.8468000000000002 00000497
1.8468000000000002 00000496
1.8468000000000002 00000496
1.8468000000000002 00000496
1.8468000000000002 00000496
1.8468000000000002 00000496
1.8468000000000002 00000496
1.8468000000000002 00000496
1.8468000000000002 00000496
1.8468000000000002 00000496
1.8468000000000002 00000496
1.8468000000000002 00000496
1.8468000000000002 00000496
1.8468000000000002 00000496
1.8468000000000002 00000496
1.8468000000000002 00000496
1.8468000000000002 00000496
1.8468000000000002 00000496
1.8468000000000002 00000496
1.8468000000000002 00000496
1.8468000000000002 00000496
1.8468000000000002 00000496
1.8468000000000002 00000496
1.8468000000000002 00000496
1.8468000000000002 00000496
1.8468000000000002 00000496
1.8468000000000002 00000496
1.8468000000000002 00000496
1.8468000000000002 00000496
1.8468000000000002 00000496
1.8468000000000002 00000496
1.8468000000000002 00000496
1.8468000000000002 00000496
1.8468000000000002 00000496
1.8468000000000002 00000496
1.8468000000000002 00000496
1.8468000000000002 00000496
1.8468000000000002 00000496
1.8468000000000002 00000496
1.8468000000000002 00000496
1.8468000000000002 00000496
1.8468000000000002 00000496
1.8468000000000002 00000496
1.8468000000000002 00000496
1.8468000000000002 00000496
1.8468000000000002 00000496
1.8468000000000002 00000496
1.862 000004AE
1.862 000004AE
1.862 000004AE
1.862 000004AE
1.862 000004AE
1.862 000004AE
1.862 000004AE
1.862 000004AE
1.862 000004AE
1.862 000004AE
1.862 000004AE
1.862 000004AE
1.862 000004AE
1.862 000004AE
1.862 000004AF
1.862 000004AF
1.862 000004AE
1.862 000004AE
1.862 000004AE
1.862 000004AE
1.862 000004AE
1.862 000004AE
1.862 000004AE
1.862 000004AE
1.862 000004AE
1.862 000004AF
1.862 000004AF
1.862 000004AF
1.862 000004AE
1.862 000004AE
1.862 000004AE
1.862 000004AE
1.862 000004AE
1.862 000004AE
1.862 000004AE
1.862 000004AE
1.862 000004AE
1.862 000004AE
1.862 000004AE
1.862 000004AE
1.862 000004AE
1.862 000004AE
1.862 000004AE
1.862 000004AE
1.862 000004AE
1.862 000004AE
1.862 000004AE
1.862 000004AE
1.862 000004AE
1.862 000004AE
1.8772000000000002 000004B9
1.8772000000000002 000004B9
1.8772000000000002 000004B9
1.8772000000000002 000004B8
1.8772000000000002 000004B8
1.8772000000000002 000004B8
1.8772000000000002 000004B9
1.8772000000000002 000004B9
1.8772000000000002 000004B9
1.8772000000000002 000004B8
1.8772000000000002 000004B8
1.8772000000000002 000004B8
1.8772000000000002 000004B9
1.8772000000000002 000004B9
1.8772000000000002 000004B9
1.8772000000000002 000004B9
1.8772000000000002 000004B9
1.8772000000000002 000004B8
1.8772000000000002 000004B8
1.8772000000000002 000004B8
1.8772000000000002 000004B9
1.8772000000000002 000004B8
1.8772000000000002 000004B8
1.8772000000000002 000004B8
1.8772000000000002 000004B8
1.8772000000000002 000004B8
1.8772000000000002 000004B9
1.8772000000000002 000004B9
1.8772000000000002 000004B9
1.8772000000000002 000004B8
1.8772000000000002 000004B8
1.8772000000000002 000004B8
1.8772000000000002 000004B8
1.8772000000000002 000004B8
1.8772000000000002 000004B8
1.8772000000000002 000004B8
1.8772000000000002 000004B8
1.8772000000000002 000004B9
1.8772000000000002 000004B9
1.8772000000000002 000004B9
1.8772000000000002 000004B8
1.8772000000000002 000004B9
1.8772000000000002 000004B9
1.8772000000000002 000004B9
1.8772000000000002 000004B8
1.8772000000000002 000004B8
1.8772000000000002 000004B8
1.8772000000000002 000004B9
1.8772000000000002 000004B9
1.8772000000000002 000004B8
1.8924 000004D1
1.8924 000004D1
1.8924 000004D1
1.8924 000004D1
1.8924 000004D1
1.8924 000004D1
1.8924 000004D1
1.8924 000004D1
1.8924 000004D1
1.8924 000004D1
1.8924 000004D1
1.8924 000004D1
1.8924 000004D1
1.8924 000004D1
1.8924 000004D1
1.8924 000004D1
1.8924 000004D1
1.8924 000004D1
1.8924 000004D1
1.8924 000004D1
1.8924 000004D1
1.8924 000004D1
1.8924 000004D1
1.8924 000004D1
1.8924 000004D1
1.8924 000004D1
1.8924 000004D1
1.8924 000004D1
1.8924 000004D1
1.8924 000004D1
1.8924 000004D1
1.8924 000004D1
1.8924 000004D1
1.8924 000004D1
1.8924 000004D1
1.8924 000004D1
1.8924 000004D1
1.8924 000004D1
1.8924 000004D1
1.8924 000004D1
1.8924 000004D1
1.8924 000004D1
1.8924 000004D1
1.8924 000004D2
1.8924 000004D1
1.8924 000004D1
1.8924 000004D1
1.8924 000004D1
1.8924 000004D1
1.8924 000004D1
1.9076000000000002 000004DA
1.9076000000000002 000004DA
1.9076000000000002 000004DB
1.9076000000000002 000004DA
1.9076000000000002 000004DA
1.9076000000000002 000004DB
1.9076000000000002 000004DA
1.9076000000000002 000004DA
1.9076000000000002 000004DA
1.9076000000000002 000004DA
1.9076000000000002 000004DA
1.9076000000000002 000004DB
1.9076000000000002 000004DB
1.9076000000000002 000004DB
1.9076000000000002 000004DA
1.9076000000000002 000004DA
1.9076000000000002 000004DA
1.9076000000000002 000004DB
1.9076000000000002 000004DB
1.9076000000000002 000004DB
1.9076000000000002 000004DB
1.9076000000000002 000004DB
1.9076000000000002 000004DB
1.9076000000000002 000004DA
1.9076000000000002 000004DA
1.9076000000000002 000004DA
1.9076000000000002 000004DB
1.9076000000000002 000004DB
1.9076000000000002 000004DB
1.9076000000000002 000004DB
1.9076000000000002 000004DA
1.9076000000000002 000004DA
1.9076000000000002 000004DA
1.9076000000000002 000004DB
1.9076000000000002 000004DB
1.9076000000000002 000004DB
1.9076000000000002 000004DB
1.9076000000000002 000004DB
1.9076000000000002 000004DA
1.9076000000000002 000004DB
1.9076000000000002 000004DB
1.9076000000000002 000004DA
1.9076000000000002 000004DA
1.9076000000000002 000004DA
1.9076000000000002 000004DA
1.9076000000000002 000004DA
1.9076000000000002 000004DB
1.9076000000000002 000004DA
1.9076000000000002 000004DA
1.9076000000000002 000004DA
1.9228 000004F4
1.9228 000004F3
1.9228 000004F3
1.9228 000004F3
1.9228 000004F4
1.9228 000004F4
1.9228 000004F2
1.9228 000004F3
1.9228 000004F3
1.9228 000004F4
1.9228 000004F3
1.9228 000004F3
1.9228 000004F3
1.9228 000004F3
1.9228 000004F2
1.9228 000004F2
1.9228 000004F2
1.9228 000004F3
1.9228 000004F3
1.9228 000004F3
1.9228 000004F3
1.9228 000004F3
1.9228 000004F3
1.9228 000004F3
1.9228 000004F3
1.9228 000004F3
1.9228 000004F3
1.9228 000004F3
1.9228 000004F4
1.9228 000004F4
1.9228 000004F4
1.9228 000004F3
1.9228 000004F3
1.9228 000004F3
1.9228 000004F3
1.9228 000004F3
1.9228 000004F3
1.9228 000004F2
1.9228 000004F2
1.9228 000004F3
1.9228 000004F3
1.9228 000004F3
1.9228 000004F3
1.9228 000004F3
1.9228 000004F4
1.9228 000004F4
1.9228 000004F3
1.9228 000004F3
1.9228 000004F2
1.9228 000004F4
1.9380000000000002 000004FD
1.9380000000000002 000004FD
1.9380000000000002 000004FD
1.9380000000000002 000004FD
1.9380000000000002 000004FD
1.9380000000000002 000004FD
1.9380000000000002 000004FD
1.9380000000000002 000004FD
1.9380000000000002 000004FD
1.9380000000000002 000004FD
1.9380000000000002 000004FD
1.9380000000000002 000004FD
1.9380000000000002 000004FD
1.9380000000000002 000004FD
1.9380000000000002 000004FD
1.9380000000000002 000004FD
1.9380000000000002 000004FD
1.9380000000000002 000004FD
1.9380000000000002 000004FD
1.9380000000000002 000004FD
1.9380000000000002 000004FD
1.9380000000000002 000004FD
1.9380000000000002 000004FD
1.9380000000000002 000004FD
1.9380000000000002 000004FD
1.9380000000000002 000004FD
1.9380000000000002 000004FD
1.9380000000000002 000004FD
1.9380000000000002 000004FD
1.9380000000000002 000004FD
1.9380000000000002 000004FC
1.9380000000000002 000004FD
1.9380000000000002 000004FD
1.9380000000000002 000004FD
1.9380000000000002 000004FD
1.9380000000000002 000004FD
1.9380000000000002 000004FD
1.9380000000000002 000004FD
1.9380000000000002 000004FD
1.9380000000000002 000004FD
1.9380000000000002 000004FD
1.9380000000000002 000004FD
1.9380000000000002 000004FD
1.9380000000000002 000004FD
1.9380000000000002 000004FD
1.9380000000000002 000004FD
1.9380000000000002 000004FD
1.9380000000000002 000004FC
1.9380000000000002 000004FC
1.9380000000000002 000004FC
1.9532000000000003 00000515
1.9532000000000003 00000515
1.9532000000000003 00000515
1.9532000000000003 00000515
1.9532000000000003 00000515
1.9532000000000003 00000515
1.9532000000000003 00000515
1.9532000000000003 00000515
1.9532000000000003 00000515
1.9532000000000003 00000515
1.9532000000000003 00000516
1.9532000000000003 00000515
1.9532000000000003 00000515
1.9532000000000003 00000515
1.9532000000000003 00000515
1.9532000000000003 00000515
1.9532000000000003 00000515
1.9532000000000003 00000515
1.9532000000000003 00000515
1.9532000000000003 00000515
1.9532000000000003 00000516
1.9532000000000003 00000516
1.9532000000000003 00000515
1.9532000000000003 00000515
1.9532000000000003 00000515
1.9532000000000003 00000515
1.9532000000000003 00000516
1.9532000000000003 00000516
1.9532000000000003 00000515
1.9532000000000003 00000515
1.9532000000000003 00000515
1.9532000000000003 00000515
1.9532000000000003 00000515
1.9532000000000003 00000515
1.9532000000000003 00000516
1.9532000000000003 00000515
1.9532000000000003 00000515
1.9532000000000003 00000516
1.9532000000000003 00000516
1.9532000000000003 00000516
1.9532000000000003 00000515
1.9532000000000003 00000515
1.9532000000000003 00000515
1.9532000000000003 00000515
1.9532000000000003 00000515
1.9532000000000003 00000515
1.9532000000000003 00000515
1.9532000000000003 00000515
1.9532000000000003 00000515
1.9532000000000003 00000516
1.9684000000000001 0000051F
1.9684000000000001 0000051F
1.9684000000000001 0000051F
1.9684000000000001 0000052D
1.9684000000000001 0000051F
1.9684000000000001 0000051F
1.9684000000000001 0000052D
1.9684000000000001 0000052D
1.9684000000000001 0000051F
1.9684000000000001 0000051F
1.9684000000000001 0000051F
1.9684000000000001 0000051F
1.9684000000000001 0000051F
1.9684000000000001 0000051F
1.9684000000000001 0000052D
1.9684000000000001 0000051F
1.9684000000000001 0000051F
1.9684000000000001 0000051F
1.9684000000000001 0000052E
1.9684000000000001 0000052E
1.9684000000000001 0000051F
1.9684000000000001 0000051F
1.9684000000000001 0000051F
1.9684000000000001 0000052D
1.9684000000000001 0000051F
1.9684000000000001 0000051F
1.9684000000000001 0000051F
1.9684000000000001 0000052E
1.9684000000000001 0000052E
1.9684000000000001 0000051F
1.9684000000000001 0000051F
1.9684000000000001 0000051F
1.9684000000000001 0000051E
1.9684000000000001 0000052E
1.9684000000000001 0000052E
1.9684000000000001 0000052E
1.9684000000000001 0000051F
1.9684000000000001 0000051F
1.9684000000000001 0000052D
1.9684000000000001 0000052D
1.9684000000000001 0000051F
1.9684000000000001 0000051F
1.9684000000000001 0000051F
1.9684000000000001 0000051F
1.9684000000000001 0000051F
1.9684000000000001 0000051F
1.9684000000000001 0000051F
1.9684000000000001 0000052D
1.9684000000000001 0000052D
1.9684000000000001 0000051F
1.9836 00000538
1.9836 00000537
1.9836 00000537
1.9836 00000537
1.9836 00000538
1.9836 00000538
1.9836 00000538
1.9836 00000537
1.9836 00000537
1.9836 00000537
1.9836 00000537
1.9836 00000537
1.9836 00000537
1.9836 00000538
1.9836 00000538
1.9836 00000537
1.9836 00000537
1.9836 00000537
1.9836 00000537
1.9836 00000537
1.9836 00000537
1.9836 00000537
1.9836 00000538
1.9836 00000538
1.9836 00000537
1.9836 00000537
1.9836 00000537
1.9836 00000538
1.9836 00000537
1.9836 00000537
1.9836 00000537
1.9836 00000537
1.9836 00000537
1.9836 00000538
1.9836 00000538
1.9836 00000537
1.9836 00000537
1.9836 00000537
1.9836 00000537
1.9836 00000537
1.9836 00000537
1.9836 00000538
1.9836 00000537
1.9836 00000537
1.9836 00000538
1.9836 00000537
1.9836 00000537
1.9836 00000537
1.9836 00000538
1.9836 00000538
1.9988000000000001 0000054F
1.9988000000000001 00000550
1.9988000000000001 00000550
1.9988000000000001 00000550
1.9988000000000001 0000054F
1.9988000000000001 00000550
1.9988000000000001 00000550
1.9988000000000001 00000550
1.9988000000000001 00000550
1.9988000000000001 00000550
1.9988000000000001 00000550
1.9988000000000001 0000054F
1.9988000000000001 0000054F
1.9988000000000001 00000550
1.9988000000000001 00000550
1.9988000000000001 00000550
1.9988000000000001 00000550
1.9988000000000001 00000550
1.9988000000000001 00000550
1.9988000000000001 00000550
1.9988000000000001 00000550
1.9988000000000001 00000550
1.9988000000000001 00000550
1.9988000000000001 00000550
1.9988000000000001 00000550
1.9988000000000001 00000550
1.9988000000000001 0000054F
1.9988000000000001 0000054F
1.9988000000000001 00000550
1.9988000000000001 00000550
1.9988000000000001 00000550
1.9988000000000001 00000550
1.9988000000000001 00000550
1.9988000000000001 00000550
1.9988000000000001 00000550
1.9988000000000001 00000550
1.9988000000000001 00000550
1.9988000000000001 00000550
1.9988000000000001 00000550
1.9988000000000001 00000550
1.9988000000000001 00000550
1.9988000000000001 00000550
1.9988000000000001 00000550
1.9988000000000001 00000550
1.9988000000000001 00000550
1.9988000000000001 00000550
1.9988000000000001 00000550
1.9988000000000001 00000550
1.9988000000000001 00000550
1.9988000000000001 00000550
2.0140000000000002 00000559
2.0140000000000002 00000559
2.0140000000000002 00000559
2.0140000000000002 00000559
2.0140000000000002 00000559
2.0140000000000002 00000559
2.0140000000000002 00000559
2.0140000000000002 00000559
2.0140000000000002 00000559
2.0140000000000002 00000559
2.0140000000000002 00000559
2.0140000000000002 00000559
2.0140000000000002 0000055A
2.0140000000000002 0000055A
2.0140000000000002 0000055A
2.0140000000000002 00000559
2.0140000000000002 00000559
2.0140000000000002 00000559
2.0140000000000002 0000055A
2.0140000000000002 0000055A
2.0140000000000002 0000055A
2.0140000000000002 0000055A
2.0140000000000002 0000055A
2.0140000000000002 0000055A
2.0140000000000002 00000559
2.0140000000000002 00000559
2.0140000000000002 00000559
2.0140000000000002 00000559
2.0140000000000002 0000055A
2.0140000000000002 0000055A
2.0140000000000002 00000559
2.0140000000000002 00000559
2.0140000000000002 00000559
2.0140000000000002 00000559
2.0140000000000002 0000055A
2.0140000000000002 0000055A
2.0140000000000002 00000559
2.0140000000000002 00000559
2.0140000000000002 00000559
2.0140000000000002 00000559
2.0140000000000002 00000559
2.0140000000000002 0000055A
2.0140000000000002 0000055A
2.0140000000000002 0000055A
2.0140000000000002 00000559
2.0140000000000002 0000055A
2.0140000000000002 0000055A
2.0140000000000002 0000055A
2.0140000000000002 0000055A
2.0140000000000002 0000055A
2.0292000000000003 00000572
2.0292000000000003 00000571
2.0292000000000003 00000572
2.0292000000000003 00000572
2.0292000000000003 00000571
2.0292000000000003 00000571
2.0292000000000003 00000572
2.0292000000000003 00000572
2.0292000000000003 00000572
2.0292000000000003 00000571
2.0292000000000003 00000572
2.0292000000000003 00000572
2.0292000000000003 00000571
2.0292000000000003 00000571
2.0292000000000003 00000571
2.0292000000000003 00000572
2.0292000000000003 00000572
2.0292000000000003 00000572
2.0292000000000003 00000572
2.0292000000000003 00000572
2.0292000000000003 00000572
2.0292000000000003 00000572
2.0292000000000003 00000572
2.0292000000000003 00000572
2.0292000000000003 00000572
2.0292000000000003 00000571
2.0292000000000003 00000571
2.0292000000000003 00000572
2.0292000000000003 00000571
2.0292000000000003 00000571
2.0292000000000003 00000572
2.0292000000000003 00000571
2.0292000000000003 00000571
2.0292000000000003 00000571
2.0292000000000003 00000571
2.0292000000000003 00000571
2.0292000000000003 00000572
2.0292000000000003 00000572
2.0292000000000003 00000571
2.0292000000000003 00000572
2.0292000000000003 00000572
2.0292000000000003 00000571
2.0292000000000003 00000572
2.0292000000000003 00000572
2.0292000000000003 00000571
2.0292000000000003 00000571
2.0292000000000003 00000571
2.0292000000000003 00000571
2.0292000000000003 00000571
2.0292000000000003 00000571
2.0444 0000057B
2.0444 0000057B
2.0444 0000057B
2.0444 0000057B
2.0444 0000057B
2.0444 0000057B
2.0444 0000057A
2.0444 0000057A
2.0444 0000057A
2.0444 0000057B
2.0444 0000057B
2.0444 0000057A
2.0444 0000057A
2.0444 0000057A
2.0444 0000057B
2.0444 0000057A
2.0444 0000057A
2.0444 0000057B
2.0444 0000057A
2.0444 0000057A
2.0444 0000057B
2.0444 0000057B
2.0444 0000057B
2.0444 0000057B
2.0444 0000057B
2.0444 0000057B
2.0444 0000057B
2.0444 0000057B
2.0444 0000057B
2.0444 0000057B
2.0444 0000057B
2.0444 0000057A
2.0444 0000057B
2.0444 0000057B
2.0444 0000057B
2.0444 0000057B
2.0444 0000057B
2.0444 0000057B
2.0444 0000057B
2.0444 0000057B
2.0444 0000057A
2.0444 0000057B
2.0444 0000057B
2.0444 0000057A
2.0444 0000057B
2.0444 0000057B
2.0444 0000057A
2.0444 0000057B
2.0444 0000057B
2.0444 0000057B
2.0596 00000593
2.0596 00000593
2.0596 00000593
2.0596 00000594
2.0596 00000594
2.0596 00000593
2.0596 00000593
2.0596 00000593
2.0596 00000592
2.0596 00000593
2.0596 00000593
2.0596 00000593
2.0596 00000593
2.0596 00000593
2.0596 00000594
2.0596 00000594
2.0596 00000594
2.0596 00000594
2.0596 00000593
2.0596 00000593
2.0596 00000593
2.0596 00000593
2.0596 00000593
2.0596 00000594
2.0596 00000593
2.0596 00000593
2.0596 00000593
2.0596 00000594
2.0596 00000594
2.0596 00000592
2.0596 00000593
2.0596 00000593
2.0596 00000593
2.0596 00000594
2.0596 00000594
2.0596 00000594
2.0596 00000593
2.0596 00000593
2.0596 00000593
2.0596 00000594
2.0596 00000593
2.0596 00000593
2.0596 00000593
2.0596 00000593
2.0596 00000594
2.0596 00000593
2.0596 00000593
2.0596 00000593
2.0596 00000593
2.0596 00000593
2.0748 0000059D
2.0748 0000059D
2.0748 0000059D
2.0748 0000059D
2.0748 0000059D
2.0748 0000059D
2.0748 0000059D
2.0748 0000059D
2.0748 0000059C
2.0748 0000059C
2.0748 0000059C
2.0748 0000059D
2.0748 0000059D
2.0748 0000059C
2.0748 0000059D
2.0748 0000059D
2.0748 0000059D
2.0748 0000059D
2.0748 0000059D
2.0748 0000059D
2.0748 0000059D
2.0748 0000059D
2.0748 0000059D
2.0748 0000059D
2.0748 0000059D
2.0748 0000059D
2.0748 0000059C
2.0748 0000059C
2.0748 0000059C
2.0748 0000059D
2.0748 0000059D
2.0748 0000059D
2.0748 0000059D
2.0748 0000059D
2.0748 0000059D
2.0748 0000059D
2.0748 0000059D
2.0748 0000059D
2.0748 0000059D
2.0748 0000059D
2.0748 0000059C
2.0748 0000059C
2.0748 0000059C
2.0748 0000059D
2.0748 0000059D
2.0748 0000059D
2.0748 0000059D
2.0748 0000059C
2.0748 0000059C
2.0748 0000059D
2.09 000005B5
2.09 000005B5
2.09 000005B5
2.09 000005B5
2.09 000005B5
2.09 000005B4
2.09 000005B5
2.09 000005B5
2.09 000005B4
2.09 000005B5
2.09 000005B5
2.09 000005B5
2.09 000005B5
2.09 000005B5
2.09 000005B5
2.09 000005B5
2.09 000005B5
2.09 000005B5
2.09 000005B4
2.09 000005B4
2.09 000005B5
2.09 000005B5
2.09 000005B5
2.09 000005B4
2.09 000005B4
2.09 000005B4
2.09 000005B4
2.09 000005B5
2.09 000005B5
2.09 000005B5
2.09 000005B5
2.09 000005B5
2.09 000005B5
2.09 000005B5
2.09 000005B5
2.09 000005B5
2.09 000005B5
2.09 000005B4
2.09 000005B5
2.09 000005B5
2.09 000005B4
2.09 000005B5
2.09 000005B5
2.09 000005B5
2.09 000005B5
2.09 000005B4
2.09 000005B4
2.09 000005B5
2.09 000005B5
2.09 000005B4
2.1052 000005BE
2.1052 000005BE
2.1052 000005BE
2.1052 000005BE
2.1052 000005BF
2.1052 000005BF
2.1052 000005BE
2.1052 000005BE
2.1052 000005BE
2.1052 000005BD
2.1052 000005BE
2.1052 000005BE
2.1052 000005BE
2.1052 000005BE
2.1052 000005BE
2.1052 000005BD
2.1052 000005BE
2.1052 000005BE
2.1052 000005BE
2.1052 000005BE
2.1052 000005BE
2.1052 000005BE
2.1052 000005BE
2.1052 000005BE
2.1052 000005BE
2.1052 000005BE
2.1052 000005BE
2.1052 000005BE
2.1052 000005BE
2.1052 000005BE
2.1052 000005BE
2.1052 000005BE
2.1052 000005BE
2.1052 000005BE
2.1052 000005BE
2.1052 000005BE
2.1052 000005BE
2.1052 000005BE
2.1052 000005BE
2.1052 000005BE
2.1052 000005BE
2.1052 000005BE
2.1052 000005BE
2.1052 000005BE
2.1052 000005BE
2.1052 000005BE
2.1052 000005BE
2.1052 000005BE
2.1052 000005BE
2.1052 000005BE
2.1204 000005D5
2.1204 000005D6
2.1204 000005D6
2.1204 000005D6
2.1204 000005D6
2.1204 000005D5
2.1204 000005D5
2.1204 000005D6
2.1204 000005D6
2.1204 000005D6
2.1204 000005D6
2.1204 000005D7
2.1204 000005D7
2.1204 000005D6
2.1204 000005D6
2.1204 000005D6
2.1204 000005D6
2.1204 000005D6
2.1204 000005D6
2.1204 000005D6
2.1204 000005D6
2.1204 000005D6
2.1204 000005D6
2.1204 000005D6
2.1204 000005D6
2.1204 000005D6
2.1204 000005D6
2.1204 000005D6
2.1204 000005D5
2.1204 000005D6
2.1204 000005D6
2.1204 000005D6
2.1204 000005D6
2.1204 000005D6
2.1204 000005D6
2.1204 000005D6
2.1204 000005D6
2.1204 000005D6
2.1204 000005D6
2.1204 000005D6
2.1204 000005D6
2.1204 000005D6
2.1204 000005D6
2.1204 000005D6
2.1204 000005D6
2.1204 000005D6
2.1204 000005D6
2.1204 000005D6
2.1204 000005D6
2.1204 000005D6
2.1356 000005DF
2.1356 000005DF
2.1356 000005DF
2.1356 000005DF
2.1356 000005DF
2.1356 000005DF
2.1356 000005DF
2.1356 000005DF
2.1356 000005DF
2.1356 000005DF
2.1356 000005DF
2.1356 000005EE
2.1356 000005EE
2.1356 000005EE
2.1356 000005DF
2.1356 000005DF
2.1356 000005DF
2.1356 000005DF
2.1356 000005DF
2.1356 000005DF
2.1356 000005DF
2.1356 000005DF
2.1356 000005EE
2.1356 000005EE
2.1356 000005DF
2.1356 000005EE
2.1356 000005EE
2.1356 000005DF
2.1356 000005DF
2.1356 000005DF
2.1356 000005DF
2.1356 000005DF
2.1356 000005DF
2.1356 000005DF
2.1356 000005DF
2.1356 000005DF
2.1356 000005DF
2.1356 000005DF
2.1356 000005DF
2.1356 000005DF
2.1356 000005DF
2.1356 000005EE
2.1356 000005EE
2.1356 000005DF
2.1356 000005DF
2.1356 000005DF
2.1356 000005DF
2.1356 000005DF
2.1356 000005DF
2.1356 000005DF
2.1508000000000003 000005F8
2.1508000000000003 000005F8
2.1508000000000003 000005F7
2.1508000000000003 000005F7
2.1508000000000003 000005F7
2.1508000000000003 000005F7
2.1508000000000003 000005F7
2.1508000000000003 000005F7
2.1508000000000003 000005F7
2.1508000000000003 000005F8
2.1508000000000003 000005F8
2.1508000000000003 000005F7
2.1508000000000003 000005F7
2.1508000000000003 000005F7
2.1508000000000003 000005F7
2.1508000000000003 000005F7
2.1508000000000003 000005F7
2.1508000000000003 000005F7
2.1508000000000003 000005F7
2.1508000000000003 000005F7
2.1508000000000003 000005F7
2.1508000000000003 000005F8
2.1508000000000003 000005F8
2.1508000000000003 000005F8
2.1508000000000003 000005F8
2.1508000000000003 000005F8
2.1508000000000003 000005F7
2.1508000000000003 000005F7
2.1508000000000003 000005F7
2.1508000000000003 000005F7
2.1508000000000003 000005F7
2.1508000000000003 000005F7
2.1508000000000003 000005F7
2.1508000000000003 000005F7
2.1508000000000003 000005F7
2.1508000000000003 000005F7
2.1508000000000003 000005F7
2.1508000000000003 000005F7
2.1508000000000003 000005F8
2.1508000000000003 000005F8
2.1508000000000003 000005F8
2.1508000000000003 000005F8
2.1508000000000003 000005F8
2.1508000000000003 000005F8
2.1508000000000003 000005F8
2.1508000000000003 000005F7
2.1508000000000003 000005F7
2.1508000000000003 000005F8
2.1508000000000003 000005F8
2.1508000000000003 000005F8
2.1660000000000004 00000610
2.1660000000000004 00000610
2.1660000000000004 00000610
2.1660000000000004 00000610
2.1660000000000004 00000610
2.1660000000000004 00000610
2.1660000000000004 00000610
2.1660000000000004 00000610
2.1660000000000004 00000610
2.1660000000000004 00000610
2.1660000000000004 00000610
2.1660000000000004 00000610
2.1660000000000004 00000610
2.1660000000000004 00000610
2.1660000000000004 00000610
2.1660000000000004 00000610
2.1660000000000004 00000610
2.1660000000000004 00000610
2.1660000000000004 00000610
2.1660000000000004 00000610
2.1660000000000004 00000610
2.1660000000000004 00000610
2.1660000000000004 00000610
2.1660000000000004 00000610
2.1660000000000004 00000610
2.1660000000000004 00000610
2.1660000000000004 00000610
2.1660000000000004 00000610
2.1660000000000004 00000610
2.1660000000000004 00000610
2.1660000000000004 00000610
2.1660000000000004 00000610
2.1660000000000004 00000610
2.1660000000000004 00000610
2.1660000000000004 00000610
2.1660000000000004 00000610
2.1660000000000004 00000610
2.1660000000000004 00000610
2.1660000000000004 00000610
2.1660000000000004 00000610
2.1660000000000004 00000610
2.1660000000000004 00000610
2.1660000000000004 00000610
2.1660000000000004 00000610
2.1660000000000004 00000610
2.1660000000000004 00000610
2.1660000000000004 00000610
2.1660000000000004 00000610
2.1660000000000004 00000610
2.1660000000000004 00000610
2.1812000000000005 00000619
2.1812000000000005 0000061A
2.1812000000000005 0000061A
2.1812000000000005 00000619
2.1812000000000005 00000619
2.1812000000000005 00000619
2.1812000000000005 00000619
2.1812000000000005 0000061A
2.1812000000000005 0000061A
2.1812000000000005 0000061A
2.1812000000000005 00000619
2.1812000000000005 00000619
2.1812000000000005 00000619
2.1812000000000005 00000619
2.1812000000000005 00000619
2.1812000000000005 00000619
2.1812000000000005 00000619
2.1812000000000005 00000619
2.1812000000000005 00000619
2.1812000000000005 00000619
2.1812000000000005 00000619
2.1812000000000005 00000619
2.1812000000000005 00000619
2.1812000000000005 00000619
2.1812000000000005 00000619
2.1812000000000005 0000061A
2.1812000000000005 0000061A
2.1812000000000005 00000619
2.1812000000000005 00000619
2.1812000000000005 00000619
2.1812000000000005 00000619
2.1812000000000005 00000619
2.1812000000000005 00000619
2.1812000000000005 00000619
2.1812000000000005 00000619
2.1812000000000005 00000619
2.1812000000000005 00000619
2.1812000000000005 00000619
2.1812000000000005 00000619
2.1812000000000005 00000619
2.1812000000000005 00000619
2.1812000000000005 00000619
2.1812000000000005 00000619
2.1812000000000005 00000619
2.1812000000000005 00000619
2.1812000000000005 00000619
2.1812000000000005 00000619
2.1812000000000005 00000619
2.1812000000000005 00000619
2.1812000000000005 00000619
2.1964 00000631
2.1964 00000631
2.1964 00000631
2.1964 00000630
2.1964 00000631
2.1964 00000631
2.1964 00000631
2.1964 00000631
2.1964 00000631
2.1964 00000631
2.1964 00000631
2.1964 00000631
2.1964 00000630
2.1964 00000630
2.1964 00000631
2.1964 00000630
2.1964 00000630
2.1964 00000631
2.1964 00000631
2.1964 00000631
2.1964 00000631
2.1964 00000630
2.1964 00000630
2.1964 00000630
2.1964 00000630
2.1964 00000631
2.1964 00000631
2.1964 00000631
2.1964 00000631
2.1964 00000630
2.1964 00000631
2.1964 00000631
2.1964 00000631
2.1964 00000631
2.1964 00000631
2.1964 00000630
2.1964 00000630
2.1964 00000630
2.1964 00000631
2.1964 00000631
2.1964 00000631
2.1964 00000631
2.1964 00000630
2.1964 00000631
2.1964 00000631
2.1964 00000631
2.1964 00000631
2.1964 00000631
2.1964 00000631
2.1964 00000631
2.2116000000000002 0000063A
2.2116000000000002 0000063A
2.2116000000000002 0000063A
2.2116000000000002 0000063A
2.2116000000000002 0000063A
2.2116000000000002 0000063A
2.2116000000000002 0000063A
2.2116000000000002 0000063A
2.2116000000000002 0000063A
2.2116000000000002 0000063A
2.2116000000000002 0000063A
2.2116000000000002 0000063A
2.2116000000000002 0000063A
2.2116000000000002 0000063A
2.2116000000000002 0000063A
2.2116000000000002 0000063A
2.2116000000000002 0000063A
2.2116000000000002 0000063A
2.2116000000000002 0000063A
2.2116000000000002 0000063A
2.2116000000000002 0000063A
2.2116000000000002 0000063A
2.2116000000000002 0000063A
2.2116000000000002 0000063A
2.2116000000000002 0000063A
2.2116000000000002 0000063A
2.2116000000000002 0000063A
2.2116000000000002 0000063A
2.2116000000000002 0000063A
2.2116000000000002 0000063A
2.2116000000000002 0000063A
2.2116000000000002 0000063A
2.2116000000000002 0000063A
2.2116000000000002 0000063A
2.2116000000000002 0000063A
2.2116000000000002 0000063A
2.2116000000000002 0000063A
2.2116000000000002 00000639
2.2116000000000002 00000639
2.2116000000000002 0000063A
2.2116000000000002 0000063A
2.2116000000000002 0000063A
2.2116000000000002 0000063A
2.2116000000000002 0000063A
2.2116000000000002 0000063A
2.2116000000000002 0000063A
2.2116000000000002 0000063A
2.2116000000000002 0000063A
2.2116000000000002 0000063A
2.2116000000000002 0000063A
2.2268 00000651
2.2268 00000651
2.2268 00000651
2.2268 00000651
2.2268 00000651
2.2268 00000651
2.2268 00000651
2.2268 00000651
2.2268 00000651
2.2268 00000651
2.2268 00000652
2.2268 00000651
2.2268 00000651
2.2268 00000652
2.2268 00000651
2.2268 00000651
2.2268 00000651
2.2268 00000651
2.2268 00000651
2.2268 00000652
2.2268 00000652
2.2268 00000652
2.2268 00000652
2.2268 00000652
2.2268 00000652
2.2268 00000652
2.2268 00000652
2.2268 00000652
2.2268 00000652
2.2268 00000652
2.2268 00000652
2.2268 00000651
2.2268 00000652
2.2268 00000652
2.2268 00000652
2.2268 00000652
2.2268 00000652
2.2268 00000652
2.2268 00000652
2.2268 00000652
2.2268 00000652
2.2268 00000652
2.2268 00000651
2.2268 00000652
2.2268 00000652
2.2268 00000652
2.2268 00000652
2.2268 00000652
2.2268 00000652
2.2268 00000652
2.242 0000065A
2.242 0000065B
2.242 0000065B
2.242 0000065A
2.242 0000065B
2.242 0000065B
2.242 0000065A
2.242 0000065A
2.242 0000065A
2.242 0000065B
2.242 0000065A
2.242 0000065A
2.242 0000065A
2.242 0000065B
2.242 0000065B
2.242 0000065A
2.242 0000065B
2.242 0000065B
2.242 0000065A
2.242 0000065B
2.242 0000065B
2.242 0000065B
2.242 0000065B
2.242 0000065A
2.242 0000065A
2.242 0000065A
2.242 0000065A
2.242 0000065A
2.242 0000065A
2.242 0000065A
2.242 0000065A
2.242 0000065A
2.242 0000065B
2.242 0000065B
2.242 0000065B
2.242 0000065A
2.242 0000065A
2.242 0000065A
2.242 0000065A
2.242 0000065B
2.242 0000065B
2.242 0000065A
2.242 0000065B
2.242 0000065B
2.242 0000065A
2.242 0000065B
2.242 0000065B
2.242 0000065A
2.242 0000065B
2.242 0000065B
2.2572 00000672
2.2572 00000671
2.2572 00000672
2.2572 00000672
2.2572 00000672
2.2572 00000672
2.2572 00000672
2.2572 00000672
2.2572 00000672
2.2572 00000672
2.2572 00000672
2.2572 00000672
2.2572 00000672
2.2572 00000672
2.2572 00000672
2.2572 00000672
2.2572 00000672
2.2572 00000672
2.2572 00000672
2.2572 00000672
2.2572 00000672
2.2572 00000672
2.2572 00000672
2.2572 00000672
2.2572 00000672
2.2572 00000672
2.2572 00000672
2.2572 00000672
2.2572 00000672
2.2572 00000671
2.2572 00000672
2.2572 00000672
2.2572 00000672
2.2572 00000672
2.2572 00000672
2.2572 00000672
2.2572 00000672
2.2572 00000672
2.2572 00000672
2.2572 00000672
2.2572 00000672
2.2572 00000672
2.2572 00000672
2.2572 00000672
2.2572 00000672
2.2572 00000672
2.2572 00000672
2.2572 00000672
2.2572 00000672
2.2572 00000672
2.2724 0000067B
2.2724 0000067B
2.2724 0000067B
2.2724 0000067B
2.2724 0000067A
2.2724 0000067A
2.2724 0000067A
2.2724 0000067A
2.2724 0000067B
2.2724 0000067B
2.2724 0000067A
2.2724 0000067B
2.2724 0000067B
2.2724 0000067B
2.2724 0000067B
2.2724 0000067B
2.2724 0000067B
2.2724 0000067B
2.2724 0000067B
2.2724 0000067A
2.2724 0000067A
2.2724 0000067B
2.2724 0000067B
2.2724 0000067B
2.2724 0000067B
2.2724 0000067B
2.2724 0000067B
2.2724 0000067B
2.2724 0000067B
2.2724 0000067B
2.2724 0000067B
2.2724 0000067B
2.2724 0000067B
2.2724 0000067B
2.2724 0000067B
2.2724 0000067B
2.2724 0000067B
2.2724 0000067B
2.2724 0000067A
2.2724 0000067A
2.2724 0000067B
2.2724 0000067B
2.2724 0000067B
2.2724 0000067B
2.2724 0000067B
2.2724 0000067B
2.2724 0000067A
2.2724 0000067A
2.2724 0000067A
2.2724 0000067A
2.2876000000000003 00000692
2.2876000000000003 00000692
2.2876000000000003 00000692
2.2876000000000003 00000692
2.2876000000000003 00000692
2.2876000000000003 00000692
2.2876000000000003 00000692
2.2876000000000003 00000692
2.2876000000000003 00000692
2.2876000000000003 00000692
2.2876000000000003 00000692
2.2876000000000003 00000692
2.2876000000000003 00000692
2.2876000000000003 00000692
2.2876000000000003 00000692
2.2876000000000003 00000692
2.2876000000000003 00000692
2.2876000000000003 00000692
2.2876000000000003 00000692
2.2876000000000003 00000692
2.2876000000000003 00000692
2.2876000000000003 00000692
2.2876000000000003 00000692
2.2876000000000003 00000692
2.2876000000000003 00000692
2.2876000000000003 00000692
2.2876000000000003 00000692
2.2876000000000003 00000692
2.2876000000000003 00000692
2.2876000000000003 00000692
2.2876000000000003 00000692
2.2876000000000003 00000692
2.2876000000000003 00000692
2.2876000000000003 00000692
2.2876000000000003 00000692
2.2876000000000003 00000692
2.2876000000000003 00000692
2.2876000000000003 00000692
2.2876000000000003 00000692
2.2876000000000003 00000692
2.2876000000000003 00000692
2.2876000000000003 00000692
2.2876000000000003 00000692
2.2876000000000003 00000692
2.2876000000000003 00000692
2.2876000000000003 00000692
2.2876000000000003 00000692
2.2876000000000003 00000692
2.2876000000000003 00000692
2.2876000000000003 00000692
2.3028000000000004 0000069B
2.3028000000000004 0000069B
2.3028000000000004 0000069B
2.3028000000000004 0000069A
2.3028000000000004 0000069A
2.3028000000000004 0000069B
2.3028000000000004 0000069B
2.3028000000000004 0000069B
2.3028000000000004 0000069B
2.3028000000000004 0000069B
2.3028000000000004 0000069A
2.3028000000000004 0000069A
2.3028000000000004 0000069B
2.3028000000000004 0000069B
2.3028000000000004 0000069B
2.3028000000000004 0000069B
2.3028000000000004 0000069A
2.3028000000000004 0000069A
2.3028000000000004 0000069A
2.3028000000000004 0000069A
2.3028000000000004 0000069A
2.3028000000000004 0000069B
2.3028000000000004 0000069B
2.3028000000000004 0000069B
2.3028000000000004 0000069B
2.3028000000000004 0000069B
2.3028000000000004 0000069A
2.3028000000000004 0000069B
2.3028000000000004 0000069B
2.3028000000000004 0000069B
2.3028000000000004 0000069A
2.3028000000000004 0000069A
2.3028000000000004 0000069B
2.3028000000000004 0000069B
2.3028000000000004 0000069B
2.3028000000000004 0000069B
2.3028000000000004 0000069B
2.3028000000000004 0000069A
2.3028000000000004 0000069B
2.3028000000000004 0000069B
2.3028000000000004 0000069B
2.3028000000000004 0000069A
2.3028000000000004 0000069A
2.3028000000000004 0000069B
2.3028000000000004 0000069B
2.3028000000000004 0000069B
2.3028000000000004 0000069A
2.3028000000000004 0000069B
2.3028000000000004 0000069B
2.3028000000000004 0000069B
2.318 000006B2
2.318 000006B2
2.318 000006B2
2.318 000006B2
2.318 000006B2
2.318 000006B2
2.318 000006B2
2.318 000006B2
2.318 000006B2
2.318 000006B2
2.318 000006B2
2.318 000006B2
2.318 000006B2
2.318 000006B2
2.318 000006B2
2.318 000006B2
2.318 000006B2
2.318 000006B2
2.318 000006B2
2.318 000006B2
2.318 000006B2
2.318 000006B2
2.318 000006B2
2.318 000006B2
2.318 000006B2
2.318 000006B2
2.318 000006B2
2.318 000006B2
2.318 000006B2
2.318 000006B2
2.318 000006B2
2.318 000006B2
2.318 000006B2
2.318 000006B2
2.318 000006B2
2.318 000006B2
2.318 000006B2
2.318 000006B2
2.318 000006B2
2.318 000006B2
2.318 000006B2
2.318 000006B2
2.318 000006B2
2.318 000006B2
2.318 000006B2
2.318 000006B2
2.318 000006B2
2.318 000006B2
2.318 000006B2
2.318 000006B2
2.3332 000006BA
2.3332 000006BA
2.3332 000006BA
2.3332 000006BB
2.3332 000006BB
2.3332 000006BA
2.3332 000006BA
2.3332 000006BA
2.3332 000006BB
2.3332 000006BB
2.3332 000006BA
2.3332 000006BA
2.3332 000006BA
2.3332 000006BA
2.3332 000006BA
2.3332 000006BA
2.3332 000006BA
2.3332 000006BA
2.3332 000006BA
2.3332 000006BA
2.3332 000006BA
2.3332 000006BA
2.3332 000006BA
2.3332 000006BA
2.3332 000006BA
2.3332 000006BA
2.3332 000006BB
2.3332 000006BB
2.3332 000006BA
2.3332 000006BB
2.3332 000006BB
2.3332 000006BA
2.3332 000006BA
2.3332 000006BA
2.3332 000006BA
2.3332 000006BA
2.3332 000006BB
2.3332 000006BA
2.3332 000006BA
2.3332 000006BA
2.3332 000006BA
2.3332 000006BB
2.3332 000006BA
2.3332 000006BA
2.3332 000006BA
2.3332 000006BA
2.3332 000006BA
2.3332 000006BA
2.3332 000006BB
2.3332 000006BB
2.3484000000000003 000006D2
2.3484000000000003 000006D2
2.3484000000000003 000006D2
2.3484000000000003 000006D2
2.3484000000000003 000006D2
2.3484000000000003 000006D2
2.3484000000000003 000006D2
2.3484000000000003 000006D2
2.3484000000000003 000006D2
2.3484000000000003 000006D2
2.3484000000000003 000006D2
2.3484000000000003 000006D2
2.3484000000000003 000006D1
2.3484000000000003 000006D2
2.3484000000000003 000006D2
2.3484000000000003 000006D2
2.3484000000000003 000006D1
2.3484000000000003 000006D1
2.3484000000000003 000006D1
2.3484000000000003 000006D2
2.3484000000000003 000006D2
2.3484000000000003 000006D2
2.3484000000000003 000006D2
2.3484000000000003 000006D2
2.3484000000000003 000006D2
2.3484000000000003 000006D2
2.3484000000000003 000006D2
2.3484000000000003 000006D2
2.3484000000000003 000006D2
2.3484000000000003 000006D2
2.3484000000000003 000006D2
2.3484000000000003 000006D2
2.3484000000000003 000006D2
2.3484000000000003 000006D2
2.3484000000000003 000006D1
2.3484000000000003 000006D1
2.3484000000000003 000006D2
2.3484000000000003 000006D2
2.3484000000000003 000006D2
2.3484000000000003 000006D2
2.3484000000000003 000006D2
2.3484000000000003 000006D2
2.3484000000000003 000006D2
2.3484000000000003 000006D2
2.3484000000000003 000006D2
2.3484000000000003 000006D2
2.3484000000000003 000006D2
2.3484000000000003 000006D2
2.3484000000000003 000006D2
2.3484000000000003 000006D2
2.3636 000006DA
2.3636 000006DA
2.3636 000006DA
2.3636 000006DA
2.3636 000006DA
2.3636 000006DA
2.3636 000006DA
2.3636 000006DA
2.3636 000006DA
2.3636 000006DA
2.3636 000006DA
2.3636 000006DA
2.3636 000006DA
2.3636 000006DA
2.3636 000006DA
2.3636 000006DA
2.3636 000006DA
2.3636 000006DA
2.3636 000006DA
2.3636 000006DA
2.3636 000006DA
2.3636 000006DA
2.3636 000006DA
2.3636 000006DA
2.3636 000006DA
2.3636 000006DA
2.3636 000006DA
2.3636 000006DA
2.3636 000006DA
2.3636 000006DA
2.3636 000006DA
2.3636 000006DA
2.3636 000006DA
2.3636 000006DA
2.3636 000006DA
2.3636 000006DA
2.3636 000006DA
2.3636 000006DA
2.3636 000006DA
2.3636 000006DA
2.3636 000006DA
2.3636 000006DA
2.3636 000006DA
2.3636 000006DA
2.3636 000006DA
2.3636 000006DA
2.3636 000006DA
2.3636 000006DA
2.3636 000006DA
2.3636 000006DA
2.3788 000006F1
2.3788 000006F1
2.3788 000006F1
2.3788 000006F0
2.3788 000006F1
2.3788 000006F1
2.3788 000006F1
2.3788 000006F1
2.3788 000006F1
2.3788 000006F1
2.3788 000006F1
2.3788 000006F1
2.3788 000006F1
2.3788 000006F1
2.3788 000006F1
2.3788 000006F1
2.3788 000006F1
2.3788 000006F1
2.3788 000006F0
2.3788 000006F1
2.3788 000006F1
2.3788 000006F1
2.3788 000006F2
2.3788 000006F2
2.3788 000006F1
2.3788 000006F1
2.3788 000006F1
2.3788 000006F1
2.3788 000006F1
2.3788 000006F1
2.3788 000006F1
2.3788 000006F1
2.3788 000006F2
2.3788 000006F1
2.3788 000006F1
2.3788 000006F1
2.3788 000006F1
2.3788 000006F1
2.3788 000006F1
2.3788 000006F1
2.3788 000006F1
2.3788 000006F1
2.3788 000006F1
2.3788 000006F1
2.3788 000006F2
2.3788 000006F1
2.3788 000006F1
2.3788 000006F1
2.3788 000006F1
2.3788 000006F1
2.394 000006F9
2.394 000006F9
2.394 000006F9
2.394 000006F9
2.394 000006F9
2.394 000006F9
2.394 000006F9
2.394 000006F9
2.394 000006F9
2.394 000006FA
2.394 000006FA
2.394 000006F9
2.394 000006FA
2.394 000006FA
2.394 000006F9
2.394 000006F9
2.394 000006F9
2.394 000006F9
2.394 000006FA
2.394 000006FA
2.394 000006F9
2.394 000006F9
2.394 000006F9
2.394 000006FA
2.394 000006FA
2.394 000006FA
2.394 000006FA
2.394 000006F9
2.394 000006F9
2.394 000006F9
2.394 000006FA
2.394 000006FA
2.394 000006FA
2.394 000006F9
2.394 000006F9
2.394 000006FA
2.394 000006FA
2.394 000006F9
2.394 000006FA
2.394 000006FA
2.394 000006F9
2.394 000006FA
2.394 000006FA
2.394 000006FA
2.394 000006F9
2.394 000006F9
2.394 000006F9
2.394 000006FA
2.394 000006FA
2.394 000006F9
2.4092000000000002 00000710
2.4092000000000002 00000711
2.4092000000000002 00000711
2.4092000000000002 00000710
2.4092000000000002 00000710
2.4092000000000002 00000710
2.4092000000000002 00000710
2.4092000000000002 00000710
2.4092000000000002 00000710
2.4092000000000002 00000710
2.4092000000000002 00000710
2.4092000000000002 00000710
2.4092000000000002 00000710
2.4092000000000002 00000711
2.4092000000000002 00000711
2.4092000000000002 00000711
2.4092000000000002 00000710
2.4092000000000002 00000710
2.4092000000000002 00000710
2.4092000000000002 00000710
2.4092000000000002 00000710
2.4092000000000002 00000710
2.4092000000000002 00000710
2.4092000000000002 00000710
2.4092000000000002 00000710
2.4092000000000002 00000711
2.4092000000000002 00000711
2.4092000000000002 00000710
2.4092000000000002 00000710
2.4092000000000002 00000710
2.4092000000000002 00000710
2.4092000000000002 00000710
2.4092000000000002 00000710
2.4092000000000002 00000710
2.4092000000000002 00000710
2.4092000000000002 00000710
2.4092000000000002 00000710
2.4092000000000002 00000710
2.4092000000000002 00000710
2.4092000000000002 00000710
2.4092000000000002 00000710
2.4092000000000002 00000711
2.4092000000000002 00000711
2.4092000000000002 00000710
2.4092000000000002 00000710
2.4092000000000002 00000710
2.4092000000000002 00000711
2.4092000000000002 00000710
2.4092000000000002 00000710
2.4092000000000002 00000710
2.4244000000000003 00000718
2.4244000000000003 00000718
2.4244000000000003 00000719
2.4244000000000003 00000719
2.4244000000000003 00000719
2.4244000000000003 00000718
2.4244000000000003 00000718
2.4244000000000003 00000718
2.4244000000000003 00000718
2.4244000000000003 00000718
2.4244000000000003 00000718
2.4244000000000003 00000718
2.4244000000000003 00000718
2.4244000000000003 00000719
2.4244000000000003 00000718
2.4244000000000003 00000718
2.4244000000000003 00000718
2.4244000000000003 00000718
2.4244000000000003 00000718
2.4244000000000003 00000718
2.4244000000000003 00000718
2.4244000000000003 00000718
2.4244000000000003 00000718
2.4244000000000003 00000718
2.4244000000000003 00000718
2.4244000000000003 00000718
2.4244000000000003 00000718
2.4244000000000003 00000718
2.4244000000000003 00000718
2.4244000000000003 00000719
2.4244000000000003 00000719
2.4244000000000003 00000718
2.4244000000000003 00000718
2.4244000000000003 00000718
2.4244000000000003 00000718
2.4244000000000003 00000718
2.4244000000000003 00000719
2.4244000000000003 00000719
2.4244000000000003 00000718
2.4244000000000003 00000719
2.4244000000000003 00000719
2.4244000000000003 00000719
2.4244000000000003 00000718
2.4244000000000003 00000718
2.4244000000000003 00000718
2.4244000000000003 00000719
2.4244000000000003 00000719
2.4244000000000003 00000719
2.4244000000000003 00000718
2.4244000000000003 00000718
2.4396000000000004 0000072E
2.4396000000000004 0000072F
2.4396000000000004 0000072F
2.4396000000000004 0000072F
2.4396000000000004 0000072E
2.4396000000000004 0000072E
2.4396000000000004 0000072F
2.4396000000000004 0000072F
2.4396000000000004 0000072F
2.4396000000000004 0000072E
2.4396000000000004 0000072E
2.4396000000000004 0000072F
2.4396000000000004 0000072F
2.4396000000000004 0000072F
2.4396000000000004 0000072E
2.4396000000000004 0000072E
2.4396000000000004 0000072F
2.4396000000000004 0000072F
2.4396000000000004 0000072F
2.4396000000000004 0000072F
2.4396000000000004 0000072E
2.4396000000000004 0000072E
2.4396000000000004 0000072F
2.4396000000000004 0000072E
2.4396000000000004 0000072E
2.4396000000000004 0000072E
2.4396000000000004 0000072E
2.4396000000000004 0000072E
2.4396000000000004 0000072E
2.4396000000000004 0000072E
2.4396000000000004 0000072E
2.4396000000000004 0000072E
2.4396000000000004 0000072E
2.4396000000000004 0000072E
2.4396000000000004 0000072F
2.4396000000000004 0000072F
2.4396000000000004 0000072F
2.4396000000000004 0000072E
2.4396000000000004 0000072E
2.4396000000000004 0000072F
2.4396000000000004 0000072E
2.4396000000000004 0000072E
2.4396000000000004 0000072E
2.4396000000000004 0000072E
2.4396000000000004 0000072E
2.4396000000000004 0000072E
2.4396000000000004 0000072E
2.4396000000000004 0000072E
2.4396000000000004 0000072E
2.4396000000000004 0000072E
2.4548 00000736
2.4548 00000736
2.4548 00000736
2.4548 00000736
2.4548 00000736
2.4548 00000736
2.4548 00000736
2.4548 00000737
2.4548 00000737
2.4548 00000736
2.4548 00000736
2.4548 00000736
2.4548 00000736
2.4548 00000736
2.4548 00000736
2.4548 00000736
2.4548 00000736
2.4548 00000736
2.4548 00000736
2.4548 00000736
2.4548 00000736
2.4548 00000736
2.4548 00000736
2.4548 00000736
2.4548 00000736
2.4548 00000736
2.4548 00000736
2.4548 00000736
2.4548 00000737
2.4548 00000737
2.4548 00000736
2.4548 00000736
2.4548 00000736
2.4548 00000736
2.4548 00000736
2.4548 00000736
2.4548 00000736
2.4548 00000736
2.4548 00000735
2.4548 00000737
2.4548 00000737
2.4548 00000736
2.4548 00000736
2.4548 00000736
2.4548 00000736
2.4548 00000737
2.4548 00000737
2.4548 00000736
2.4548 00000736
2.4548 00000736
