@isf_pulse = 0.8640000000000001us, sampling pulse width = 0.04us, input clk freq is 250.0MHzcap load is 1fF.
0.95 00000005
0.95 00000005
0.95 00000005
0.95 00000005
0.95 00000005
0.95 00000005
0.95 00000005
0.95 00000005
0.95 00000005
0.95 00000005
0.95 00000005
0.95 00000005
0.95 00000005
0.95 00000005
0.95 00000005
0.95 00000005
0.95 00000005
0.95 00000005
0.95 00000005
0.95 00000005
0.9644999999999999 0000000E
0.9644999999999999 0000000F
0.9644999999999999 0000000F
0.9644999999999999 0000000E
0.9644999999999999 0000000E
0.9644999999999999 0000000E
0.9644999999999999 0000000E
0.9644999999999999 0000000E
0.9644999999999999 0000000E
0.9644999999999999 0000000E
0.9644999999999999 0000000E
0.9644999999999999 0000000E
0.9644999999999999 0000000E
0.9644999999999999 0000000E
0.9644999999999999 0000000E
0.9644999999999999 0000000E
0.9644999999999999 0000000E
0.9644999999999999 0000000E
0.9644999999999999 0000000E
0.9644999999999999 0000000E
0.979 00000017
0.979 00000017
0.979 00000017
0.979 00000017
0.979 00000017
0.979 00000017
0.979 00000017
0.979 00000017
0.979 00000017
0.979 00000017
0.979 00000017
0.979 00000017
0.979 00000017
0.979 00000017
0.979 00000017
0.979 00000017
0.979 00000017
0.979 00000017
0.979 00000017
0.979 00000017
0.9934999999999999 0000002F
0.9934999999999999 0000002F
0.9934999999999999 0000002F
0.9934999999999999 0000002F
0.9934999999999999 0000002F
0.9934999999999999 0000002F
0.9934999999999999 0000002F
0.9934999999999999 0000002F
0.9934999999999999 0000002F
0.9934999999999999 0000002F
0.9934999999999999 0000002F
0.9934999999999999 0000002F
0.9934999999999999 0000002F
0.9934999999999999 0000002F
0.9934999999999999 0000002F
0.9934999999999999 0000002F
0.9934999999999999 0000002F
0.9934999999999999 0000002F
0.9934999999999999 0000002F
0.9934999999999999 0000002F
1.008 00000038
1.008 00000038
1.008 00000039
1.008 00000039
1.008 00000039
1.008 00000039
1.008 00000039
1.008 00000039
1.008 00000039
1.008 00000039
1.008 00000039
1.008 00000039
1.008 00000039
1.008 00000039
1.008 00000039
1.008 00000039
1.008 00000039
1.008 00000039
1.008 00000039
1.008 00000039
1.0225 00000051
1.0225 00000051
1.0225 00000051
1.0225 00000051
1.0225 00000051
1.0225 00000051
1.0225 00000051
1.0225 00000051
1.0225 00000051
1.0225 00000051
1.0225 00000051
1.0225 00000051
1.0225 00000051
1.0225 00000051
1.0225 00000051
1.0225 00000051
1.0225 00000051
1.0225 00000051
1.0225 00000051
1.0225 00000051
1.037 0000005A
1.037 0000005A
1.037 0000005A
1.037 0000005A
1.037 0000005A
1.037 0000005A
1.037 0000005A
1.037 0000005A
1.037 0000005A
1.037 0000005A
1.037 0000005A
1.037 0000005A
1.037 0000005A
1.037 0000005A
1.037 0000005A
1.037 0000005A
1.037 0000005A
1.037 0000005A
1.037 0000005A
1.037 0000005A
1.0514999999999999 00000072
1.0514999999999999 00000072
1.0514999999999999 00000072
1.0514999999999999 00000072
1.0514999999999999 00000072
1.0514999999999999 00000072
1.0514999999999999 00000072
1.0514999999999999 00000072
1.0514999999999999 00000072
1.0514999999999999 00000072
1.0514999999999999 00000072
1.0514999999999999 00000072
1.0514999999999999 00000072
1.0514999999999999 00000072
1.0514999999999999 00000072
1.0514999999999999 00000072
1.0514999999999999 00000072
1.0514999999999999 00000072
1.0514999999999999 00000072
1.0514999999999999 00000072
1.0659999999999998 0000007B
1.0659999999999998 0000007B
1.0659999999999998 0000007B
1.0659999999999998 0000007B
1.0659999999999998 0000007B
1.0659999999999998 0000007B
1.0659999999999998 0000007B
1.0659999999999998 0000007B
1.0659999999999998 0000007B
1.0659999999999998 0000007B
1.0659999999999998 0000007B
1.0659999999999998 0000007B
1.0659999999999998 0000007B
1.0659999999999998 0000007B
1.0659999999999998 0000007B
1.0659999999999998 0000007B
1.0659999999999998 0000007B
1.0659999999999998 0000007B
1.0659999999999998 0000007B
1.0659999999999998 0000007B
1.0805 00000093
1.0805 00000093
1.0805 00000094
1.0805 00000093
1.0805 00000093
1.0805 00000094
1.0805 00000094
1.0805 00000094
1.0805 00000094
1.0805 00000093
1.0805 00000093
1.0805 00000094
1.0805 00000094
1.0805 00000094
1.0805 00000094
1.0805 00000094
1.0805 00000093
1.0805 00000093
1.0805 00000093
1.0805 00000094
1.095 0000009D
1.095 0000009D
1.095 0000009D
1.095 0000009D
1.095 0000009D
1.095 0000009D
1.095 0000009D
1.095 0000009D
1.095 0000009D
1.095 0000009D
1.095 0000009D
1.095 0000009D
1.095 0000009D
1.095 0000009D
1.095 0000009D
1.095 0000009D
1.095 0000009D
1.095 0000009D
1.095 0000009D
1.095 0000009D
1.1095 000000B5
1.1095 000000B5
1.1095 000000B5
1.1095 000000B5
1.1095 000000B5
1.1095 000000B5
1.1095 000000B5
1.1095 000000B5
1.1095 000000B5
1.1095 000000B5
1.1095 000000B5
1.1095 000000B5
1.1095 000000B5
1.1095 000000B5
1.1095 000000B5
1.1095 000000B5
1.1095 000000B5
1.1095 000000B5
1.1095 000000B5
1.1095 000000B5
1.1239999999999999 000000BE
1.1239999999999999 000000BE
1.1239999999999999 000000BE
1.1239999999999999 000000BE
1.1239999999999999 000000BE
1.1239999999999999 000000BE
1.1239999999999999 000000BE
1.1239999999999999 000000BE
1.1239999999999999 000000BE
1.1239999999999999 000000BE
1.1239999999999999 000000BE
1.1239999999999999 000000BE
1.1239999999999999 000000BE
1.1239999999999999 000000BE
1.1239999999999999 000000BE
1.1239999999999999 000000BE
1.1239999999999999 000000BE
1.1239999999999999 000000BE
1.1239999999999999 000000BE
1.1239999999999999 000000BE
1.1384999999999998 000000D6
1.1384999999999998 000000D6
1.1384999999999998 000000D6
1.1384999999999998 000000D6
1.1384999999999998 000000D6
1.1384999999999998 000000D6
1.1384999999999998 000000D6
1.1384999999999998 000000D6
1.1384999999999998 000000D6
1.1384999999999998 000000D7
1.1384999999999998 000000D7
1.1384999999999998 000000D7
1.1384999999999998 000000D7
1.1384999999999998 000000D7
1.1384999999999998 000000D7
1.1384999999999998 000000D7
1.1384999999999998 000000D7
1.1384999999999998 000000D6
1.1384999999999998 000000D6
1.1384999999999998 000000D6
1.153 000000EE
1.153 000000EE
1.153 000000EE
1.153 000000EE
1.153 000000EE
1.153 000000EE
1.153 000000EE
1.153 000000EE
1.153 000000EE
1.153 000000EE
1.153 000000EE
1.153 000000EE
1.153 000000EE
1.153 000000EE
1.153 000000EE
1.153 000000EE
1.153 000000EE
1.153 000000EE
1.153 000000EE
1.153 000000EE
1.1675 000000F9
1.1675 000000F9
1.1675 000000F7
1.1675 000000F7
1.1675 000000F7
1.1675 000000F7
1.1675 000000F7
1.1675 000000F8
1.1675 000000F7
1.1675 000000F7
1.1675 000000F7
1.1675 000000F9
1.1675 000000F9
1.1675 000000F9
1.1675 000000F7
1.1675 000000F7
1.1675 000000F7
1.1675 000000F9
1.1675 000000F9
1.1675 000000F9
1.182 00000111
1.182 00000111
1.182 00000111
1.182 00000111
1.182 00000111
1.182 00000111
1.182 00000111
1.182 00000111
1.182 00000110
1.182 00000110
1.182 00000111
1.182 00000111
1.182 00000111
1.182 00000111
1.182 00000111
1.182 00000111
1.182 00000111
1.182 00000111
1.182 00000111
1.182 00000111
1.1965 0000011A
1.1965 0000011A
1.1965 0000011A
1.1965 0000011A
1.1965 0000011A
1.1965 0000011B
1.1965 0000011B
1.1965 0000011A
1.1965 0000011A
1.1965 0000011A
1.1965 0000011A
1.1965 0000011A
1.1965 0000011A
1.1965 0000011A
1.1965 0000011A
1.1965 0000011B
1.1965 0000011B
1.1965 0000011A
1.1965 0000011A
1.1965 0000011A
1.2109999999999999 00000132
1.2109999999999999 00000132
1.2109999999999999 00000132
1.2109999999999999 00000132
1.2109999999999999 00000132
1.2109999999999999 00000132
1.2109999999999999 00000132
1.2109999999999999 00000132
1.2109999999999999 00000132
1.2109999999999999 00000132
1.2109999999999999 00000132
1.2109999999999999 00000132
1.2109999999999999 00000132
1.2109999999999999 00000132
1.2109999999999999 00000132
1.2109999999999999 00000132
1.2109999999999999 00000132
1.2109999999999999 00000132
1.2109999999999999 00000132
1.2109999999999999 00000132
1.2255 0000013B
1.2255 0000013B
1.2255 0000013B
1.2255 0000013B
1.2255 0000013B
1.2255 0000013C
1.2255 0000013C
1.2255 0000013C
1.2255 0000013C
1.2255 0000013C
1.2255 0000013B
1.2255 0000013B
1.2255 0000013B
1.2255 0000013B
1.2255 0000013B
1.2255 0000013C
1.2255 0000013C
1.2255 0000013C
1.2255 0000013B
1.2255 0000013B
1.24 00000155
1.24 00000154
1.24 00000154
1.24 00000155
1.24 00000155
1.24 00000154
1.24 00000154
1.24 00000154
1.24 00000154
1.24 00000154
1.24 00000154
1.24 00000155
1.24 00000155
1.24 00000155
1.24 00000155
1.24 00000155
1.24 00000155
1.24 00000155
1.24 00000155
1.24 00000155
1.2545 0000015E
1.2545 0000015E
1.2545 0000015E
1.2545 0000015E
1.2545 0000015E
1.2545 0000015E
1.2545 0000015E
1.2545 0000015E
1.2545 0000015E
1.2545 0000015E
1.2545 0000015E
1.2545 0000015D
1.2545 0000015D
1.2545 0000015D
1.2545 0000015D
1.2545 0000015D
1.2545 0000015D
1.2545 0000015D
1.2545 0000015E
1.2545 0000015E
1.269 00000175
1.269 00000176
1.269 00000176
1.269 00000176
1.269 00000176
1.269 00000176
1.269 00000176
1.269 00000176
1.269 00000176
1.269 00000176
1.269 00000176
1.269 00000176
1.269 00000176
1.269 00000176
1.269 00000176
1.269 00000176
1.269 00000176
1.269 00000176
1.269 00000176
1.269 00000176
1.2835 0000018E
1.2835 0000018E
1.2835 0000018F
1.2835 0000018F
1.2835 0000018E
1.2835 0000018E
1.2835 0000018E
1.2835 0000017F
1.2835 0000017F
1.2835 0000017F
1.2835 0000017F
1.2835 0000017F
1.2835 0000017F
1.2835 0000017F
1.2835 0000017F
1.2835 0000017F
1.2835 0000017F
1.2835 0000017F
1.2835 0000017F
1.2835 0000017F
1.298 00000199
1.298 00000197
1.298 00000198
1.298 00000198
1.298 00000197
1.298 00000197
1.298 00000197
1.298 00000197
1.298 00000197
1.298 00000197
1.298 00000197
1.298 00000197
1.298 00000198
1.298 00000198
1.298 00000198
1.298 00000197
1.298 00000197
1.298 00000197
1.298 00000197
1.298 00000197
1.3125 000001AF
1.3125 000001B0
1.3125 000001B0
1.3125 000001AF
1.3125 000001AF
1.3125 000001B0
1.3125 000001B0
1.3125 000001B0
1.3125 000001B0
1.3125 000001AF
1.3125 000001AF
1.3125 000001AF
1.3125 000001AF
1.3125 000001AF
1.3125 000001AF
1.3125 000001AF
1.3125 000001AF
1.3125 000001B1
1.3125 000001B1
1.3125 000001B1
1.327 000001BA
1.327 000001BA
1.327 000001BA
1.327 000001BA
1.327 000001BA
1.327 000001BA
1.327 000001BA
1.327 000001BA
1.327 000001BA
1.327 000001BA
1.327 000001BA
1.327 000001BA
1.327 000001B9
1.327 000001B9
1.327 000001BA
1.327 000001BA
1.327 000001BA
1.327 000001BA
1.327 000001BA
1.327 000001BA
1.3415 000001D2
1.3415 000001D2
1.3415 000001D2
1.3415 000001D2
1.3415 000001D2
1.3415 000001D2
1.3415 000001D2
1.3415 000001D2
1.3415 000001D2
1.3415 000001D2
1.3415 000001D2
1.3415 000001D2
1.3415 000001D2
1.3415 000001D2
1.3415 000001D2
1.3415 000001D2
1.3415 000001D2
1.3415 000001D2
1.3415 000001D2
1.3415 000001D2
1.3559999999999999 000001DB
1.3559999999999999 000001DB
1.3559999999999999 000001DB
1.3559999999999999 000001DB
1.3559999999999999 000001DB
1.3559999999999999 000001DC
1.3559999999999999 000001DC
1.3559999999999999 000001DC
1.3559999999999999 000001DB
1.3559999999999999 000001DB
1.3559999999999999 000001DB
1.3559999999999999 000001DB
1.3559999999999999 000001DB
1.3559999999999999 000001DB
1.3559999999999999 000001DB
1.3559999999999999 000001DB
1.3559999999999999 000001DB
1.3559999999999999 000001DB
1.3559999999999999 000001DB
1.3559999999999999 000001DB
1.3704999999999998 000001F4
1.3704999999999998 000001F4
1.3704999999999998 000001F4
1.3704999999999998 000001F4
1.3704999999999998 000001F4
1.3704999999999998 000001F3
1.3704999999999998 000001F3
1.3704999999999998 000001F3
1.3704999999999998 000001F3
1.3704999999999998 000001F3
1.3704999999999998 000001F4
1.3704999999999998 000001F4
1.3704999999999998 000001F4
1.3704999999999998 000001F4
1.3704999999999998 000001F4
1.3704999999999998 000001F4
1.3704999999999998 000001F4
1.3704999999999998 000001F4
1.3704999999999998 000001F4
1.3704999999999998 000001F4
1.385 000001FD
1.385 000001FE
1.385 000001FE
1.385 000001FE
1.385 000001FE
1.385 000001FD
1.385 000001FD
1.385 000001FD
1.385 000001FD
1.385 000001FD
1.385 000001FD
1.385 000001FD
1.385 000001FE
1.385 000001FE
1.385 000001FE
1.385 000001FE
1.385 000001FE
1.385 000001FE
1.385 000001FD
1.385 000001FD
1.3995 00000216
1.3995 00000216
1.3995 00000217
1.3995 00000217
1.3995 00000217
1.3995 00000217
1.3995 00000217
1.3995 00000217
1.3995 00000217
1.3995 00000217
1.3995 00000216
1.3995 00000216
1.3995 00000216
1.3995 00000216
1.3995 00000216
1.3995 00000216
1.3995 00000216
1.3995 00000216
1.3995 00000217
1.3995 00000217
1.414 0000022F
1.414 0000022E
1.414 0000022E
1.414 0000022E
1.414 0000022E
1.414 0000022E
1.414 0000022E
1.414 0000022E
1.414 0000022E
1.414 0000022E
1.414 0000022E
1.414 0000022E
1.414 0000022E
1.414 0000022E
1.414 0000022E
1.414 0000022F
1.414 0000022F
1.414 0000022F
1.414 0000022E
1.414 0000022E
1.4285 00000239
1.4285 00000239
1.4285 00000239
1.4285 00000238
1.4285 00000238
1.4285 00000239
1.4285 00000239
1.4285 00000239
1.4285 00000238
1.4285 00000238
1.4285 00000238
1.4285 00000239
1.4285 00000239
1.4285 00000239
1.4285 00000239
1.4285 00000239
1.4285 00000239
1.4285 00000238
1.4285 00000238
1.4285 00000238
1.443 00000251
1.443 00000251
1.443 00000251
1.443 00000251
1.443 00000251
1.443 00000251
1.443 00000251
1.443 00000251
1.443 00000251
1.443 00000251
1.443 00000251
1.443 00000251
1.443 00000251
1.443 00000251
1.443 00000251
1.443 00000251
1.443 00000251
1.443 00000251
1.443 00000251
1.443 00000251
1.4575 0000025A
1.4575 0000025A
1.4575 0000025A
1.4575 0000025B
1.4575 0000025B
1.4575 0000025B
1.4575 0000025B
1.4575 0000025B
1.4575 0000025B
1.4575 0000025B
1.4575 0000025B
1.4575 0000025B
1.4575 0000025A
1.4575 0000025A
1.4575 0000025A
1.4575 0000025A
1.4575 0000025A
1.4575 0000025A
1.4575 0000025A
1.4575 0000025A
1.472 00000272
1.472 00000272
1.472 00000272
1.472 00000272
1.472 00000272
1.472 00000273
1.472 00000273
1.472 00000273
1.472 00000273
1.472 00000273
1.472 00000273
1.472 00000273
1.472 00000273
1.472 00000273
1.472 00000273
1.472 00000273
1.472 00000272
1.472 00000272
1.472 00000272
1.472 00000272
1.4865 0000027D
1.4865 0000027D
1.4865 0000027D
1.4865 0000027D
1.4865 0000027D
1.4865 0000027D
1.4865 0000027D
1.4865 0000027D
1.4865 0000027D
1.4865 0000027D
1.4865 0000027D
1.4865 0000027D
1.4865 0000027C
1.4865 0000027C
1.4865 0000027C
1.4865 0000027D
1.4865 0000027D
1.4865 0000027B
1.4865 0000027B
1.4865 0000027B
1.501 00000295
1.501 00000295
1.501 00000295
1.501 00000295
1.501 00000295
1.501 00000295
1.501 00000295
1.501 00000295
1.501 00000295
1.501 00000295
1.501 00000295
1.501 00000295
1.501 00000295
1.501 00000295
1.501 00000295
1.501 00000295
1.501 00000295
1.501 00000295
1.501 00000295
1.501 00000295
1.5154999999999998 0000029E
1.5154999999999998 0000029E
1.5154999999999998 0000029F
1.5154999999999998 0000029F
1.5154999999999998 0000029F
1.5154999999999998 0000029F
1.5154999999999998 0000029F
1.5154999999999998 0000029E
1.5154999999999998 0000029E
1.5154999999999998 0000029E
1.5154999999999998 0000029F
1.5154999999999998 0000029F
1.5154999999999998 0000029F
1.5154999999999998 0000029E
1.5154999999999998 0000029E
1.5154999999999998 0000029E
1.5154999999999998 0000029E
1.5154999999999998 0000029E
1.5154999999999998 0000029E
1.5154999999999998 0000029E
1.5299999999999998 000002B6
1.5299999999999998 000002B6
1.5299999999999998 000002B7
1.5299999999999998 000002B6
1.5299999999999998 000002B6
1.5299999999999998 000002B6
1.5299999999999998 000002B6
1.5299999999999998 000002B6
1.5299999999999998 000002B6
1.5299999999999998 000002B6
1.5299999999999998 000002B6
1.5299999999999998 000002B6
1.5299999999999998 000002B6
1.5299999999999998 000002B6
1.5299999999999998 000002B6
1.5299999999999998 000002B6
1.5299999999999998 000002B6
1.5299999999999998 000002B6
1.5299999999999998 000002B6
1.5299999999999998 000002B6
1.5444999999999998 000002CF
1.5444999999999998 000002CE
1.5444999999999998 000002CF
1.5444999999999998 000002CF
1.5444999999999998 000002CF
1.5444999999999998 000002CF
1.5444999999999998 000002CF
1.5444999999999998 000002CF
1.5444999999999998 000002CF
1.5444999999999998 000002CF
1.5444999999999998 000002CF
1.5444999999999998 000002CF
1.5444999999999998 000002CF
1.5444999999999998 000002CF
1.5444999999999998 000002CF
1.5444999999999998 000002CF
1.5444999999999998 000002CF
1.5444999999999998 000002CF
1.5444999999999998 000002CF
1.5444999999999998 000002CF
1.559 000002D9
1.559 000002D9
1.559 000002D9
1.559 000002D9
1.559 000002D9
1.559 000002D9
1.559 000002D9
1.559 000002D9
1.559 000002D9
1.559 000002D9
1.559 000002D9
1.559 000002D9
1.559 000002D9
1.559 000002D9
1.559 000002D9
1.559 000002D9
1.559 000002D9
1.559 000002D9
1.559 000002D8
1.559 000002D9
1.5735000000000001 000002F1
1.5735000000000001 000002F1
1.5735000000000001 000002F1
1.5735000000000001 000002F1
1.5735000000000001 000002F1
1.5735000000000001 000002F1
1.5735000000000001 000002F1
1.5735000000000001 000002F1
1.5735000000000001 000002F2
1.5735000000000001 000002F2
1.5735000000000001 000002F2
1.5735000000000001 000002F1
1.5735000000000001 000002F1
1.5735000000000001 000002F1
1.5735000000000001 000002F1
1.5735000000000001 000002F1
1.5735000000000001 000002F1
1.5735000000000001 000002F1
1.5735000000000001 000002F1
1.5735000000000001 000002F1
1.588 000002FA
1.588 000002FA
1.588 000002FA
1.588 000002FB
1.588 000002FB
1.588 000002FB
1.588 000002FA
1.588 000002FA
1.588 000002FA
1.588 000002FA
1.588 000002FA
1.588 000002FA
1.588 000002FA
1.588 000002FA
1.588 000002FA
1.588 000002FA
1.588 000002FA
1.588 000002FA
1.588 000002FB
1.588 000002FB
1.6025 00000313
1.6025 00000312
1.6025 00000312
1.6025 00000313
1.6025 00000313
1.6025 00000313
1.6025 00000314
1.6025 00000314
1.6025 00000314
1.6025 00000313
1.6025 00000313
1.6025 00000313
1.6025 00000313
1.6025 00000313
1.6025 00000313
1.6025 00000313
1.6025 00000313
1.6025 00000313
1.6025 00000313
1.6025 00000313
1.617 0000031D
1.617 0000031C
1.617 0000031C
1.617 0000031C
1.617 0000031D
1.617 0000031D
1.617 0000031C
1.617 0000031C
1.617 0000031D
1.617 0000031D
1.617 0000031C
1.617 0000031C
1.617 0000031C
1.617 0000031D
1.617 0000031D
1.617 0000031D
1.617 0000031D
1.617 0000031D
1.617 0000031D
1.617 0000031D
1.6315 00000335
1.6315 00000335
1.6315 00000335
1.6315 00000335
1.6315 00000335
1.6315 00000335
1.6315 00000335
1.6315 00000335
1.6315 00000335
1.6315 00000335
1.6315 00000335
1.6315 00000335
1.6315 00000335
1.6315 00000335
1.6315 00000335
1.6315 00000335
1.6315 00000335
1.6315 00000335
1.6315 00000335
1.6315 00000335
1.646 0000033E
1.646 0000033E
1.646 0000033E
1.646 0000033E
1.646 0000033E
1.646 0000033E
1.646 0000033E
1.646 0000033E
1.646 0000033E
1.646 0000033E
1.646 0000033E
1.646 0000033E
1.646 0000033E
1.646 0000033E
1.646 0000033E
1.646 0000033E
1.646 0000033E
1.646 0000033E
1.646 0000033E
1.646 0000033E
1.6604999999999999 00000356
1.6604999999999999 00000356
1.6604999999999999 00000357
1.6604999999999999 00000357
1.6604999999999999 00000357
1.6604999999999999 00000356
1.6604999999999999 00000356
1.6604999999999999 00000356
1.6604999999999999 00000356
1.6604999999999999 00000356
1.6604999999999999 00000356
1.6604999999999999 00000356
1.6604999999999999 00000356
1.6604999999999999 00000356
1.6604999999999999 00000357
1.6604999999999999 00000357
1.6604999999999999 00000357
1.6604999999999999 00000357
1.6604999999999999 00000357
1.6604999999999999 00000357
1.6749999999999998 0000036E
1.6749999999999998 0000036E
1.6749999999999998 0000036E
1.6749999999999998 0000036E
1.6749999999999998 0000036E
1.6749999999999998 0000036E
1.6749999999999998 0000036F
1.6749999999999998 0000036F
1.6749999999999998 0000036E
1.6749999999999998 0000036E
1.6749999999999998 0000036E
1.6749999999999998 0000036F
1.6749999999999998 0000036F
1.6749999999999998 0000036F
1.6749999999999998 0000036F
1.6749999999999998 0000036F
1.6749999999999998 0000036F
1.6749999999999998 0000036E
1.6749999999999998 0000036E
1.6749999999999998 0000036F
1.6895 00000378
1.6895 00000378
1.6895 00000378
1.6895 00000379
1.6895 00000379
1.6895 00000379
1.6895 00000378
1.6895 00000378
1.6895 00000378
1.6895 00000378
1.6895 00000378
1.6895 00000378
1.6895 00000379
1.6895 00000379
1.6895 00000379
1.6895 00000378
1.6895 00000378
1.6895 00000378
1.6895 00000378
1.6895 00000378
1.7039999999999997 00000390
1.7039999999999997 00000390
1.7039999999999997 00000391
1.7039999999999997 00000391
1.7039999999999997 00000391
1.7039999999999997 00000391
1.7039999999999997 00000391
1.7039999999999997 00000391
1.7039999999999997 00000391
1.7039999999999997 00000391
1.7039999999999997 00000391
1.7039999999999997 00000391
1.7039999999999997 00000391
1.7039999999999997 00000390
1.7039999999999997 00000390
1.7039999999999997 00000391
1.7039999999999997 00000391
1.7039999999999997 00000391
1.7039999999999997 00000390
1.7039999999999997 00000390
1.7185 0000039A
1.7185 0000039A
1.7185 0000039A
1.7185 0000039A
1.7185 0000039A
1.7185 0000039A
1.7185 0000039A
1.7185 0000039A
1.7185 0000039A
1.7185 0000039A
1.7185 0000039A
1.7185 0000039A
1.7185 0000039A
1.7185 0000039A
1.7185 0000039A
1.7185 0000039A
1.7185 0000039A
1.7185 0000039A
1.7185 0000039A
1.7185 0000039A
1.7329999999999999 000003B2
1.7329999999999999 000003B2
1.7329999999999999 000003B2
1.7329999999999999 000003B2
1.7329999999999999 000003B2
1.7329999999999999 000003B2
1.7329999999999999 000003B2
1.7329999999999999 000003B2
1.7329999999999999 000003B2
1.7329999999999999 000003B2
1.7329999999999999 000003B2
1.7329999999999999 000003B2
1.7329999999999999 000003B2
1.7329999999999999 000003B2
1.7329999999999999 000003B2
1.7329999999999999 000003B2
1.7329999999999999 000003B2
1.7329999999999999 000003B2
1.7329999999999999 000003B2
1.7329999999999999 000003B2
1.7475 000003BB
1.7475 000003BB
1.7475 000003BC
1.7475 000003BC
1.7475 000003BB
1.7475 000003BB
1.7475 000003BB
1.7475 000003BB
1.7475 000003BB
1.7475 000003BB
1.7475 000003BB
1.7475 000003BC
1.7475 000003BC
1.7475 000003BC
1.7475 000003BC
1.7475 000003BC
1.7475 000003BB
1.7475 000003BB
1.7475 000003BB
1.7475 000003BB
1.762 000003D4
1.762 000003D4
1.762 000003D4
1.762 000003D4
1.762 000003D4
1.762 000003D4
1.762 000003D4
1.762 000003D4
1.762 000003D4
1.762 000003D4
1.762 000003D4
1.762 000003D4
1.762 000003D4
1.762 000003D4
1.762 000003D4
1.762 000003D4
1.762 000003D4
1.762 000003D4
1.762 000003D4
1.762 000003D4
1.7765 000003DE
1.7765 000003DE
1.7765 000003DD
1.7765 000003DD
1.7765 000003DD
1.7765 000003DD
1.7765 000003DD
1.7765 000003DD
1.7765 000003DD
1.7765 000003DE
1.7765 000003DE
1.7765 000003DE
1.7765 000003DD
1.7765 000003DD
1.7765 000003DD
1.7765 000003DD
1.7765 000003DD
1.7765 000003DD
1.7765 000003DD
1.7765 000003DD
1.791 000003F5
1.791 000003F5
1.791 000003F5
1.791 000003F5
1.791 000003F5
1.791 000003F5
1.791 000003F5
1.791 000003F5
1.791 000003F5
1.791 000003F5
1.791 000003F5
1.791 000003F5
1.791 000003F5
1.791 000003F5
1.791 000003F5
1.791 000003F5
1.791 000003F5
1.791 000003F5
1.791 000003F5
1.791 000003F5
1.8054999999999999 000003FE
1.8054999999999999 000003FE
1.8054999999999999 000003FF
1.8054999999999999 000003FF
1.8054999999999999 000003FF
1.8054999999999999 000003FF
1.8054999999999999 000003FF
1.8054999999999999 000003FF
1.8054999999999999 000003FF
1.8054999999999999 000003FF
1.8054999999999999 000003FF
1.8054999999999999 000003FF
1.8054999999999999 000003FF
1.8054999999999999 000003FF
1.8054999999999999 000003FF
1.8054999999999999 000003FF
1.8054999999999999 000003FF
1.8054999999999999 000003FF
1.8054999999999999 000003FF
1.8054999999999999 000003FF
1.8199999999999998 00000455
1.8199999999999998 00000455
1.8199999999999998 00000455
1.8199999999999998 00000455
1.8199999999999998 00000455
1.8199999999999998 00000455
1.8199999999999998 00000455
1.8199999999999998 00000455
1.8199999999999998 00000455
1.8199999999999998 00000455
1.8199999999999998 00000455
1.8199999999999998 00000455
1.8199999999999998 00000455
1.8199999999999998 00000455
1.8199999999999998 00000455
1.8199999999999998 00000455
1.8199999999999998 00000455
1.8199999999999998 00000455
1.8199999999999998 00000455
1.8199999999999998 00000455
1.8345 0000045E
1.8345 0000045E
1.8345 0000045F
1.8345 0000045F
1.8345 0000045E
1.8345 0000045E
1.8345 0000045E
1.8345 0000045E
1.8345 0000045E
1.8345 0000045E
1.8345 0000045F
1.8345 0000045F
1.8345 0000045F
1.8345 0000045E
1.8345 0000045E
1.8345 0000045E
1.8345 0000045E
1.8345 0000045E
1.8345 0000045E
1.8345 0000045E
1.8489999999999998 00000476
1.8489999999999998 00000476
1.8489999999999998 00000476
1.8489999999999998 00000476
1.8489999999999998 00000476
1.8489999999999998 00000476
1.8489999999999998 00000476
1.8489999999999998 00000476
1.8489999999999998 00000476
1.8489999999999998 00000476
1.8489999999999998 00000476
1.8489999999999998 00000476
1.8489999999999998 00000476
1.8489999999999998 00000476
1.8489999999999998 00000476
1.8489999999999998 00000476
1.8489999999999998 00000476
1.8489999999999998 00000476
1.8489999999999998 00000476
1.8489999999999998 00000476
1.8635 0000048E
1.8635 0000048E
1.8635 0000048E
1.8635 0000048E
1.8635 0000048E
1.8635 0000048E
1.8635 0000048E
1.8635 0000048E
1.8635 0000048E
1.8635 0000048E
1.8635 0000048E
1.8635 0000048E
1.8635 0000048E
1.8635 0000048E
1.8635 0000048E
1.8635 0000048E
1.8635 0000048E
1.8635 0000048E
1.8635 0000048E
1.8635 0000048E
1.878 00000499
1.878 00000499
1.878 00000498
1.878 00000498
1.878 00000498
1.878 00000498
1.878 00000498
1.878 00000498
1.878 00000498
1.878 00000498
1.878 00000498
1.878 00000497
1.878 00000497
1.878 00000497
1.878 00000498
1.878 00000498
1.878 00000498
1.878 00000498
1.878 00000498
1.878 00000498
1.8925 000004B0
1.8925 000004AF
1.8925 000004AF
1.8925 000004AF
1.8925 000004AF
1.8925 000004AF
1.8925 000004AF
1.8925 000004AF
1.8925 000004AF
1.8925 000004AF
1.8925 000004AF
1.8925 000004AF
1.8925 000004AF
1.8925 000004AF
1.8925 000004B0
1.8925 000004B0
1.8925 000004AF
1.8925 000004AF
1.8925 000004AF
1.8925 000004B0
1.907 000004B9
1.907 000004B9
1.907 000004B9
1.907 000004B9
1.907 000004B9
1.907 000004BA
1.907 000004BA
1.907 000004BA
1.907 000004BA
1.907 000004B9
1.907 000004B9
1.907 000004B9
1.907 000004BA
1.907 000004BA
1.907 000004B9
1.907 000004B9
1.907 000004B9
1.907 000004B9
1.907 000004B9
1.907 000004B9
1.9215 000004D1
1.9215 000004D1
1.9215 000004D1
1.9215 000004D1
1.9215 000004D1
1.9215 000004D1
1.9215 000004D1
1.9215 000004D1
1.9215 000004D1
1.9215 000004D1
1.9215 000004D1
1.9215 000004D1
1.9215 000004D1
1.9215 000004D1
1.9215 000004D1
1.9215 000004D1
1.9215 000004D1
1.9215 000004D1
1.9215 000004D1
1.9215 000004D1
1.936 000004DA
1.936 000004DA
1.936 000004DA
1.936 000004DA
1.936 000004DA
1.936 000004DA
1.936 000004DA
1.936 000004DA
1.936 000004DA
1.936 000004DA
1.936 000004DA
1.936 000004DA
1.936 000004DA
1.936 000004DA
1.936 000004DA
1.936 000004DA
1.936 000004DA
1.936 000004DA
1.936 000004DA
1.936 000004DA
1.9505 000004F2
1.9505 000004F2
1.9505 000004F2
1.9505 000004F2
1.9505 000004F2
1.9505 000004F2
1.9505 000004F2
1.9505 000004F2
1.9505 000004F2
1.9505 000004F2
1.9505 000004F2
1.9505 000004F2
1.9505 000004F2
1.9505 000004F2
1.9505 000004F2
1.9505 000004F2
1.9505 000004F2
1.9505 000004F2
1.9505 000004F2
1.9505 000004F2
1.9649999999999999 000004FB
1.9649999999999999 000004FB
1.9649999999999999 000004FB
1.9649999999999999 000004FB
1.9649999999999999 000004FB
1.9649999999999999 000004FB
1.9649999999999999 000004FB
1.9649999999999999 000004FB
1.9649999999999999 000004FB
1.9649999999999999 000004FB
1.9649999999999999 000004FB
1.9649999999999999 000004FB
1.9649999999999999 000004FB
1.9649999999999999 000004FB
1.9649999999999999 000004FB
1.9649999999999999 000004FB
1.9649999999999999 000004FB
1.9649999999999999 000004FB
1.9649999999999999 000004FB
1.9649999999999999 000004FB
1.9795 00000514
1.9795 00000514
1.9795 00000514
1.9795 00000514
1.9795 00000514
1.9795 00000514
1.9795 00000513
1.9795 00000513
1.9795 00000513
1.9795 00000514
1.9795 00000514
1.9795 00000514
1.9795 00000513
1.9795 00000513
1.9795 00000513
1.9795 00000514
1.9795 00000514
1.9795 00000514
1.9795 00000514
1.9795 00000514
1.9939999999999998 0000051D
1.9939999999999998 0000051D
1.9939999999999998 0000051D
1.9939999999999998 0000051D
1.9939999999999998 0000051D
1.9939999999999998 0000051D
1.9939999999999998 0000051D
1.9939999999999998 0000051D
1.9939999999999998 0000051D
1.9939999999999998 0000051D
1.9939999999999998 0000051D
1.9939999999999998 0000051D
1.9939999999999998 0000051D
1.9939999999999998 0000051D
1.9939999999999998 0000051D
1.9939999999999998 0000051D
1.9939999999999998 0000051D
1.9939999999999998 0000051D
1.9939999999999998 0000051D
1.9939999999999998 0000051D
2.0084999999999997 00000534
2.0084999999999997 00000534
2.0084999999999997 00000534
2.0084999999999997 00000534
2.0084999999999997 00000534
2.0084999999999997 00000534
2.0084999999999997 00000534
2.0084999999999997 00000534
2.0084999999999997 00000534
2.0084999999999997 00000534
2.0084999999999997 00000534
2.0084999999999997 00000534
2.0084999999999997 00000534
2.0084999999999997 00000534
2.0084999999999997 00000534
2.0084999999999997 00000535
2.0084999999999997 00000535
2.0084999999999997 00000535
2.0084999999999997 00000534
2.0084999999999997 00000534
2.0229999999999997 0000053D
2.0229999999999997 0000053D
2.0229999999999997 0000053D
2.0229999999999997 0000053D
2.0229999999999997 0000053D
2.0229999999999997 0000053D
2.0229999999999997 0000053D
2.0229999999999997 0000053D
2.0229999999999997 0000053D
2.0229999999999997 0000053D
2.0229999999999997 0000053D
2.0229999999999997 0000053D
2.0229999999999997 0000053D
2.0229999999999997 0000053D
2.0229999999999997 0000053D
2.0229999999999997 0000053D
2.0229999999999997 0000053D
2.0229999999999997 0000053D
2.0229999999999997 0000053D
2.0229999999999997 0000053D
2.0374999999999996 00000555
2.0374999999999996 00000555
2.0374999999999996 00000555
2.0374999999999996 00000555
2.0374999999999996 00000555
2.0374999999999996 00000555
2.0374999999999996 00000555
2.0374999999999996 00000555
2.0374999999999996 00000555
2.0374999999999996 00000555
2.0374999999999996 00000555
2.0374999999999996 00000555
2.0374999999999996 00000555
2.0374999999999996 00000555
2.0374999999999996 00000555
2.0374999999999996 00000555
2.0374999999999996 00000555
2.0374999999999996 00000555
2.0374999999999996 00000555
2.0374999999999996 00000555
2.052 0000055E
2.052 0000055E
2.052 0000055E
2.052 0000055E
2.052 0000055E
2.052 0000055E
2.052 0000055D
2.052 0000055D
2.052 0000055D
2.052 0000055E
2.052 0000055E
2.052 0000055E
2.052 0000055E
2.052 0000055E
2.052 0000055E
2.052 0000055E
2.052 0000055E
2.052 0000055E
2.052 0000055E
2.052 0000055E
2.0664999999999996 00000575
2.0664999999999996 00000575
2.0664999999999996 00000575
2.0664999999999996 00000575
2.0664999999999996 00000575
2.0664999999999996 00000576
2.0664999999999996 00000576
2.0664999999999996 00000576
2.0664999999999996 00000576
2.0664999999999996 00000576
2.0664999999999996 00000576
2.0664999999999996 00000576
2.0664999999999996 00000576
2.0664999999999996 00000576
2.0664999999999996 00000575
2.0664999999999996 00000575
2.0664999999999996 00000575
2.0664999999999996 00000575
2.0664999999999996 00000575
2.0664999999999996 00000575
2.081 0000057F
2.081 0000057F
2.081 0000057E
2.081 0000057E
2.081 0000057E
2.081 0000057E
2.081 0000057E
2.081 0000057E
2.081 0000057F
2.081 0000057F
2.081 0000057F
2.081 0000057F
2.081 0000057F
2.081 0000057F
2.081 0000057F
2.081 0000057F
2.081 0000057F
2.081 0000057F
2.081 0000057F
2.081 0000057F
2.0955 00000596
2.0955 00000596
2.0955 00000596
2.0955 00000596
2.0955 00000596
2.0955 00000596
2.0955 00000596
2.0955 00000596
2.0955 00000596
2.0955 00000596
2.0955 00000597
2.0955 00000597
2.0955 00000597
2.0955 00000596
2.0955 00000596
2.0955 00000596
2.0955 00000596
2.0955 00000596
2.0955 00000597
2.0955 00000597
2.11 000005AE
2.11 0000059F
2.11 000005AE
2.11 000005AE
2.11 000005AE
2.11 000005AE
2.11 000005AE
2.11 000005AE
2.11 000005AE
2.11 000005AE
2.11 000005AD
2.11 000005AD
2.11 000005AE
2.11 000005AE
2.11 000005AE
2.11 0000059F
2.11 0000059F
2.11 0000059F
2.11 000005AE
2.11 000005AE
2.1245000000000003 000005B7
2.1245000000000003 000005B6
2.1245000000000003 000005B6
2.1245000000000003 000005B6
2.1245000000000003 000005B6
2.1245000000000003 000005B6
2.1245000000000003 000005B6
2.1245000000000003 000005B6
2.1245000000000003 000005B6
2.1245000000000003 000005B6
2.1245000000000003 000005B6
2.1245000000000003 000005B7
2.1245000000000003 000005B7
2.1245000000000003 000005B7
2.1245000000000003 000005B7
2.1245000000000003 000005B7
2.1245000000000003 000005B7
2.1245000000000003 000005B6
2.1245000000000003 000005B6
2.1245000000000003 000005B6
2.139 000005CF
2.139 000005CF
2.139 000005CE
2.139 000005CE
2.139 000005CE
2.139 000005BF
2.139 000005BF
2.139 000005BF
2.139 000005CF
2.139 000005CF
2.139 000005CF
2.139 000005BF
2.139 000005BF
2.139 000005BF
2.139 000005BF
2.139 000005BF
2.139 000005CE
2.139 000005CE
2.139 000005CE
2.139 000005BF
2.1535 000005D7
2.1535 000005D7
2.1535 000005D7
2.1535 000005D7
2.1535 000005D7
2.1535 000005D8
2.1535 000005D8
2.1535 000005D8
2.1535 000005D8
2.1535 000005D8
2.1535 000005D8
2.1535 000005D8
2.1535 000005D7
2.1535 000005D7
2.1535 000005D7
2.1535 000005D7
2.1535 000005D7
2.1535 000005D7
2.1535 000005D8
2.1535 000005D8
2.168 000005EE
2.168 000005EE
2.168 000005EE
2.168 000005EE
2.168 000005EE
2.168 000005EF
2.168 000005EE
2.168 000005EE
2.168 000005EE
2.168 000005EE
2.168 000005EE
2.168 000005EE
2.168 000005EE
2.168 000005EE
2.168 000005EE
2.168 000005EE
2.168 000005EE
2.168 000005EE
2.168 000005EE
2.168 000005EE
2.1825 000005F7
2.1825 000005F7
2.1825 000005F7
2.1825 000005F7
2.1825 000005F7
2.1825 000005F7
2.1825 000005F7
2.1825 000005F7
2.1825 000005F7
2.1825 000005F8
2.1825 000005F7
2.1825 000005F7
2.1825 000005F7
2.1825 000005F7
2.1825 000005F7
2.1825 000005F7
2.1825 000005F7
2.1825 000005F7
2.1825 000005F7
2.1825 000005F7
2.197 00000610
2.197 00000610
2.197 0000060F
2.197 00000610
2.197 00000610
2.197 00000610
2.197 00000610
2.197 00000610
2.197 00000610
2.197 00000610
2.197 00000610
2.197 00000610
2.197 00000610
2.197 00000610
2.197 00000610
2.197 00000610
2.197 00000610
2.197 00000610
2.197 00000610
2.197 00000610
2.2115 00000618
2.2115 00000618
2.2115 00000618
2.2115 00000618
2.2115 00000618
2.2115 00000618
2.2115 00000618
2.2115 00000618
2.2115 00000618
2.2115 00000618
2.2115 00000618
2.2115 00000618
2.2115 00000618
2.2115 00000618
2.2115 00000618
2.2115 00000618
2.2115 00000618
2.2115 00000618
2.2115 00000618
2.2115 00000618
2.226 0000062E
2.226 0000062F
2.226 0000062F
2.226 0000062F
2.226 0000062F
2.226 0000062F
2.226 0000062F
2.226 0000062F
2.226 0000062F
2.226 0000062F
2.226 0000062F
2.226 0000062F
2.226 0000062F
2.226 0000062F
2.226 0000062F
2.226 0000062F
2.226 0000062F
2.226 0000062F
2.226 0000062F
2.226 0000062F
2.2405 00000638
2.2405 00000638
2.2405 00000638
2.2405 00000638
2.2405 00000638
2.2405 00000637
2.2405 00000637
2.2405 00000638
2.2405 00000638
2.2405 00000638
2.2405 00000638
2.2405 00000638
2.2405 00000638
2.2405 00000637
2.2405 00000637
2.2405 00000638
2.2405 00000638
2.2405 00000638
2.2405 00000638
2.2405 00000638
2.255 0000064E
2.255 0000064F
2.255 0000064F
2.255 0000064F
2.255 0000064E
2.255 0000064E
2.255 0000064E
2.255 0000064F
2.255 0000064F
2.255 0000064F
2.255 0000064F
2.255 0000064F
2.255 0000064F
2.255 0000064F
2.255 0000064F
2.255 0000064F
2.255 0000064E
2.255 0000064E
2.255 0000064E
2.255 0000064F
2.2695 00000658
2.2695 00000658
2.2695 00000658
2.2695 00000658
2.2695 00000658
2.2695 00000658
2.2695 00000657
2.2695 00000657
2.2695 00000657
2.2695 00000657
2.2695 00000657
2.2695 00000657
2.2695 00000658
2.2695 00000658
2.2695 00000658
2.2695 00000657
2.2695 00000657
2.2695 00000657
2.2695 00000658
2.2695 00000658
2.284 0000065F
2.284 0000065F
2.284 0000065F
2.284 0000065F
2.284 0000065F
2.284 0000065F
2.284 0000065F
2.284 0000065F
2.284 0000066E
2.284 0000066E
2.284 0000066E
2.284 0000066E
2.284 0000066E
2.284 0000066E
2.284 0000065F
2.284 0000065F
2.284 0000065F
2.284 0000066D
2.284 0000066D
2.284 0000066D
2.2984999999999998 00000676
2.2984999999999998 00000676
2.2984999999999998 00000676
2.2984999999999998 00000677
2.2984999999999998 00000677
2.2984999999999998 00000677
2.2984999999999998 00000676
2.2984999999999998 00000676
2.2984999999999998 00000676
2.2984999999999998 00000676
2.2984999999999998 00000676
2.2984999999999998 00000676
2.2984999999999998 00000676
2.2984999999999998 00000676
2.2984999999999998 00000676
2.2984999999999998 00000676
2.2984999999999998 00000676
2.2984999999999998 00000676
2.2984999999999998 00000676
2.2984999999999998 00000676
2.3129999999999997 0000067F
2.3129999999999997 0000068D
2.3129999999999997 0000068D
2.3129999999999997 0000067E
2.3129999999999997 0000067E
2.3129999999999997 0000067E
2.3129999999999997 0000067E
2.3129999999999997 0000067E
2.3129999999999997 0000067E
2.3129999999999997 0000067F
2.3129999999999997 0000067F
2.3129999999999997 0000067F
2.3129999999999997 0000068D
2.3129999999999997 0000068D
2.3129999999999997 0000068D
2.3129999999999997 0000067F
2.3129999999999997 0000067F
2.3129999999999997 0000067F
2.3129999999999997 0000067F
2.3129999999999997 0000067F
2.3274999999999997 00000695
2.3274999999999997 00000695
2.3274999999999997 00000696
2.3274999999999997 00000696
2.3274999999999997 00000696
2.3274999999999997 00000696
2.3274999999999997 00000696
2.3274999999999997 00000695
2.3274999999999997 00000695
2.3274999999999997 00000695
2.3274999999999997 00000696
2.3274999999999997 00000696
2.3274999999999997 00000696
2.3274999999999997 00000696
2.3274999999999997 00000696
2.3274999999999997 00000696
2.3274999999999997 00000695
2.3274999999999997 00000695
2.3274999999999997 00000695
2.3274999999999997 00000695
2.3419999999999996 0000069E
2.3419999999999996 0000069E
2.3419999999999996 0000069E
2.3419999999999996 0000069E
2.3419999999999996 0000069E
2.3419999999999996 0000069E
2.3419999999999996 0000069E
2.3419999999999996 0000069E
2.3419999999999996 0000069E
2.3419999999999996 0000069E
2.3419999999999996 0000069E
2.3419999999999996 0000069E
2.3419999999999996 0000069E
2.3419999999999996 0000069E
2.3419999999999996 0000069E
2.3419999999999996 0000069E
2.3419999999999996 0000069E
2.3419999999999996 0000069E
2.3419999999999996 0000069E
2.3419999999999996 0000069D
2.3565 000006B4
2.3565 000006B4
2.3565 000006B4
2.3565 000006B4
2.3565 000006B4
2.3565 000006B4
2.3565 000006B4
2.3565 000006B4
2.3565 000006B5
2.3565 000006B5
2.3565 000006B5
2.3565 000006B4
2.3565 000006B4
2.3565 000006B4
2.3565 000006B4
2.3565 000006B4
2.3565 000006B5
2.3565 000006B5
2.3565 000006B5
2.3565 000006B4
2.371 000006BC
2.371 000006BC
2.371 000006BC
2.371 000006BD
2.371 000006BD
2.371 000006BD
2.371 000006BC
2.371 000006BC
2.371 000006BC
2.371 000006BD
2.371 000006BD
2.371 000006BC
2.371 000006BC
2.371 000006BC
2.371 000006BD
2.371 000006BD
2.371 000006BD
2.371 000006BC
2.371 000006BC
2.371 000006BC
2.3854999999999995 000006D2
2.3854999999999995 000006D2
2.3854999999999995 000006D3
2.3854999999999995 000006D3
2.3854999999999995 000006D2
2.3854999999999995 000006D2
2.3854999999999995 000006D2
2.3854999999999995 000006D2
2.3854999999999995 000006D3
2.3854999999999995 000006D3
2.3854999999999995 000006D3
2.3854999999999995 000006D3
2.3854999999999995 000006D3
2.3854999999999995 000006D3
2.3854999999999995 000006D3
2.3854999999999995 000006D3
2.3854999999999995 000006D3
2.3854999999999995 000006D2
2.3854999999999995 000006D2
2.3854999999999995 000006D2
