@isf_pulse = 1.8000000000000003us, sampling pulse width = 0.08333333333333334us, input clk freq is 120.0MHzcap load is 1fF, vcm = 0.95, v0 = 1.0, vrefp = 1.25, vrefn = 0.75.
0.93 00000006
0.93 00000006
0.93 00000006
0.93 00000006
0.93 00000006
0.93 00000006
0.93 00000006
0.93 00000006
0.93 00000006
0.93 00000006
0.93 00000006
0.93 00000006
0.93 00000007
0.93 00000007
0.93 00000007
0.93 00000006
0.93 00000006
0.93 00000006
0.93 00000006
0.93 00000006
0.9427000000000001 00000010
0.9427000000000001 00000010
0.9427000000000001 00000010
0.9427000000000001 00000010
0.9427000000000001 00000010
0.9427000000000001 00000010
0.9427000000000001 00000010
0.9427000000000001 00000010
0.9427000000000001 00000010
0.9427000000000001 00000010
0.9427000000000001 00000010
0.9427000000000001 00000010
0.9427000000000001 00000011
0.9427000000000001 00000011
0.9427000000000001 00000011
0.9427000000000001 00000011
0.9427000000000001 00000011
0.9427000000000001 00000011
0.9427000000000001 00000011
0.9427000000000001 00000011
0.9554 0000001A
0.9554 0000001A
0.9554 0000001A
0.9554 0000001A
0.9554 0000001A
0.9554 0000001A
0.9554 0000001A
0.9554 0000001A
0.9554 0000001A
0.9554 0000001A
0.9554 0000001B
0.9554 0000001B
0.9554 0000001B
0.9554 0000001A
0.9554 0000001A
0.9554 0000001A
0.9554 0000001A
0.9554 0000001A
0.9554 0000001A
0.9554 0000001A
0.9681000000000001 00000033
0.9681000000000001 00000033
0.9681000000000001 00000033
0.9681000000000001 00000033
0.9681000000000001 00000033
0.9681000000000001 00000033
0.9681000000000001 00000033
0.9681000000000001 00000033
0.9681000000000001 00000033
0.9681000000000001 00000033
0.9681000000000001 00000033
0.9681000000000001 00000033
0.9681000000000001 00000033
0.9681000000000001 00000033
0.9681000000000001 00000033
0.9681000000000001 00000033
0.9681000000000001 00000033
0.9681000000000001 00000033
0.9681000000000001 00000033
0.9681000000000001 00000033
0.9808 0000003D
0.9808 0000003D
0.9808 0000003D
0.9808 0000003D
0.9808 0000003D
0.9808 0000003D
0.9808 0000003D
0.9808 0000003D
0.9808 0000003D
0.9808 0000003D
0.9808 0000003D
0.9808 0000003D
0.9808 0000003D
0.9808 0000003D
0.9808 0000003D
0.9808 0000003D
0.9808 0000003D
0.9808 0000003D
0.9808 0000003D
0.9808 0000003D
0.9935 00000055
0.9935 00000055
0.9935 00000055
0.9935 00000055
0.9935 00000055
0.9935 00000055
0.9935 00000055
0.9935 00000055
0.9935 00000056
0.9935 00000056
0.9935 00000056
0.9935 00000055
0.9935 00000055
0.9935 00000055
0.9935 00000055
0.9935 00000055
0.9935 00000055
0.9935 00000055
0.9935 00000055
0.9935 00000055
1.0062 0000005F
1.0062 0000005F
1.0062 0000006E
1.0062 0000006E
1.0062 0000006E
1.0062 0000005F
1.0062 0000005F
1.0062 0000005F
1.0062 0000006E
1.0062 0000006E
1.0062 0000006E
1.0062 0000006E
1.0062 0000006E
1.0062 0000006E
1.0062 0000006E
1.0062 0000006E
1.0062 0000006E
1.0062 0000006E
1.0062 0000006E
1.0062 0000006E
1.0189000000000001 00000078
1.0189000000000001 00000078
1.0189000000000001 00000078
1.0189000000000001 00000079
1.0189000000000001 00000079
1.0189000000000001 00000079
1.0189000000000001 00000078
1.0189000000000001 00000078
1.0189000000000001 00000078
1.0189000000000001 00000077
1.0189000000000001 00000077
1.0189000000000001 00000077
1.0189000000000001 00000077
1.0189000000000001 00000077
1.0189000000000001 00000077
1.0189000000000001 00000079
1.0189000000000001 00000079
1.0189000000000001 00000079
1.0189000000000001 00000078
1.0189000000000001 00000078
1.0316 00000091
1.0316 00000091
1.0316 00000091
1.0316 00000091
1.0316 00000091
1.0316 00000091
1.0316 00000091
1.0316 00000091
1.0316 00000091
1.0316 00000091
1.0316 00000091
1.0316 00000091
1.0316 00000091
1.0316 00000091
1.0316 00000091
1.0316 00000091
1.0316 00000091
1.0316 00000091
1.0316 00000091
1.0316 00000091
1.0443 0000009B
1.0443 0000009B
1.0443 0000009B
1.0443 0000009B
1.0443 0000009B
1.0443 0000009B
1.0443 0000009B
1.0443 0000009B
1.0443 0000009B
1.0443 0000009A
1.0443 0000009A
1.0443 0000009A
1.0443 0000009B
1.0443 0000009B
1.0443 0000009B
1.0443 0000009B
1.0443 0000009A
1.0443 0000009A
1.0443 0000009A
1.0443 0000009B
1.057 000000B3
1.057 000000B3
1.057 000000B3
1.057 000000B3
1.057 000000B3
1.057 000000B3
1.057 000000B3
1.057 000000B3
1.057 000000B3
1.057 000000B3
1.057 000000B3
1.057 000000B4
1.057 000000B4
1.057 000000B4
1.057 000000B4
1.057 000000B4
1.057 000000B4
1.057 000000B4
1.057 000000B4
1.057 000000B4
1.0697 000000BD
1.0697 000000BD
1.0697 000000BD
1.0697 000000BD
1.0697 000000BD
1.0697 000000BD
1.0697 000000BD
1.0697 000000BD
1.0697 000000BD
1.0697 000000BE
1.0697 000000BE
1.0697 000000BE
1.0697 000000BD
1.0697 000000BD
1.0697 000000BD
1.0697 000000BD
1.0697 000000BD
1.0697 000000BD
1.0697 000000BD
1.0697 000000BD
1.0824 000000D6
1.0824 000000D6
1.0824 000000D6
1.0824 000000D6
1.0824 000000D6
1.0824 000000D6
1.0824 000000D6
1.0824 000000D6
1.0824 000000D6
1.0824 000000D6
1.0824 000000D6
1.0824 000000D6
1.0824 000000D6
1.0824 000000D5
1.0824 000000D5
1.0824 000000D5
1.0824 000000D6
1.0824 000000D6
1.0824 000000D6
1.0824 000000D7
1.0951 000000EF
1.0951 000000EF
1.0951 000000EF
1.0951 000000EF
1.0951 000000EF
1.0951 000000EF
1.0951 000000EF
1.0951 000000EF
1.0951 000000EE
1.0951 000000EE
1.0951 000000EE
1.0951 000000EF
1.0951 000000EF
1.0951 000000EF
1.0951 000000EF
1.0951 000000EF
1.0951 000000EF
1.0951 000000EE
1.0951 000000EE
1.0951 000000EE
1.1078000000000001 000000F9
1.1078000000000001 000000F9
1.1078000000000001 000000F9
1.1078000000000001 000000FA
1.1078000000000001 000000FA
1.1078000000000001 000000FA
1.1078000000000001 000000F9
1.1078000000000001 000000F9
1.1078000000000001 000000F9
1.1078000000000001 000000F9
1.1078000000000001 000000F9
1.1078000000000001 000000F9
1.1078000000000001 000000F9
1.1078000000000001 000000F9
1.1078000000000001 000000F9
1.1078000000000001 000000F9
1.1078000000000001 000000F9
1.1078000000000001 000000F9
1.1078000000000001 000000F9
1.1078000000000001 000000F9
1.1205 00000112
1.1205 00000112
1.1205 00000112
1.1205 00000112
1.1205 00000112
1.1205 00000112
1.1205 00000112
1.1205 00000112
1.1205 00000112
1.1205 00000112
1.1205 00000112
1.1205 00000112
1.1205 00000112
1.1205 00000112
1.1205 00000112
1.1205 00000112
1.1205 00000112
1.1205 00000112
1.1205 00000112
1.1205 00000112
1.1332 0000011B
1.1332 0000011B
1.1332 0000011C
1.1332 0000011C
1.1332 0000011C
1.1332 0000011D
1.1332 0000011D
1.1332 0000011D
1.1332 0000011D
1.1332 0000011D
1.1332 0000011D
1.1332 0000011C
1.1332 0000011C
1.1332 0000011C
1.1332 0000011C
1.1332 0000011C
1.1332 0000011C
1.1332 0000011C
1.1332 0000011D
1.1332 0000011D
1.1459000000000001 00000135
1.1459000000000001 00000135
1.1459000000000001 00000135
1.1459000000000001 00000135
1.1459000000000001 00000135
1.1459000000000001 00000135
1.1459000000000001 00000135
1.1459000000000001 00000135
1.1459000000000001 00000135
1.1459000000000001 00000135
1.1459000000000001 00000135
1.1459000000000001 00000135
1.1459000000000001 00000135
1.1459000000000001 00000135
1.1459000000000001 00000135
1.1459000000000001 00000135
1.1459000000000001 00000135
1.1459000000000001 00000135
1.1459000000000001 00000135
1.1459000000000001 00000135
1.1586 0000013F
1.1586 0000013F
1.1586 0000014D
1.1586 0000014D
1.1586 0000014D
1.1586 0000013F
1.1586 0000013F
1.1586 0000013F
1.1586 0000013F
1.1586 0000013F
1.1586 0000013F
1.1586 0000013F
1.1586 0000013F
1.1586 0000013F
1.1586 0000013F
1.1586 0000014E
1.1586 0000014E
1.1586 0000014E
1.1586 0000013F
1.1586 0000013F
1.1713 00000158
1.1713 00000158
1.1713 00000158
1.1713 00000158
1.1713 00000158
1.1713 00000158
1.1713 00000158
1.1713 00000158
1.1713 00000158
1.1713 00000158
1.1713 00000158
1.1713 00000158
1.1713 00000158
1.1713 00000158
1.1713 00000158
1.1713 00000158
1.1713 00000158
1.1713 00000158
1.1713 00000158
1.1713 00000157
1.1840000000000002 00000170
1.1840000000000002 00000170
1.1840000000000002 00000170
1.1840000000000002 00000171
1.1840000000000002 00000171
1.1840000000000002 00000171
1.1840000000000002 00000171
1.1840000000000002 00000171
1.1840000000000002 00000171
1.1840000000000002 00000171
1.1840000000000002 00000171
1.1840000000000002 00000171
1.1840000000000002 00000171
1.1840000000000002 00000171
1.1840000000000002 00000171
1.1840000000000002 00000171
1.1840000000000002 00000171
1.1840000000000002 00000171
1.1840000000000002 00000171
1.1840000000000002 00000171
1.1967 0000017B
1.1967 0000017B
1.1967 0000017B
1.1967 0000017B
1.1967 0000017B
1.1967 0000017B
1.1967 0000017B
1.1967 0000017B
1.1967 0000017B
1.1967 0000017B
1.1967 0000017B
1.1967 0000017B
1.1967 0000017B
1.1967 0000017A
1.1967 0000017A
1.1967 0000017A
1.1967 0000017B
1.1967 0000017B
1.1967 0000017B
1.1967 0000017B
1.2094 00000194
1.2094 00000194
1.2094 00000194
1.2094 00000194
1.2094 00000194
1.2094 00000194
1.2094 00000194
1.2094 00000194
1.2094 00000194
1.2094 00000194
1.2094 00000194
1.2094 00000194
1.2094 00000194
1.2094 00000194
1.2094 00000194
1.2094 00000194
1.2094 00000194
1.2094 00000194
1.2094 00000194
1.2094 00000194
1.2221000000000002 0000019D
1.2221000000000002 0000019D
1.2221000000000002 0000019D
1.2221000000000002 0000019D
1.2221000000000002 0000019D
1.2221000000000002 0000019D
1.2221000000000002 0000019E
1.2221000000000002 0000019E
1.2221000000000002 0000019E
1.2221000000000002 0000019E
1.2221000000000002 0000019E
1.2221000000000002 0000019E
1.2221000000000002 0000019E
1.2221000000000002 0000019E
1.2221000000000002 0000019E
1.2221000000000002 0000019E
1.2221000000000002 0000019E
1.2221000000000002 0000019E
1.2221000000000002 0000019E
1.2221000000000002 0000019E
1.2348000000000001 000001B7
1.2348000000000001 000001B6
1.2348000000000001 000001B6
1.2348000000000001 000001B6
1.2348000000000001 000001B6
1.2348000000000001 000001B6
1.2348000000000001 000001B6
1.2348000000000001 000001B6
1.2348000000000001 000001B6
1.2348000000000001 000001B6
1.2348000000000001 000001B6
1.2348000000000001 000001B6
1.2348000000000001 000001B6
1.2348000000000001 000001B6
1.2348000000000001 000001B6
1.2348000000000001 000001B6
1.2348000000000001 000001B6
1.2348000000000001 000001B6
1.2348000000000001 000001B6
1.2348000000000001 000001B6
1.2475 000001D0
1.2475 000001D0
1.2475 000001CF
1.2475 000001CF
1.2475 000001CF
1.2475 000001CF
1.2475 000001CF
1.2475 000001CF
1.2475 000001CF
1.2475 000001CF
1.2475 000001CF
1.2475 000001CF
1.2475 000001CF
1.2475 000001CF
1.2475 000001CF
1.2475 000001D0
1.2475 000001D0
1.2475 000001D0
1.2475 000001CF
1.2475 000001CF
1.2602000000000002 000001DA
1.2602000000000002 000001DA
1.2602000000000002 000001DA
1.2602000000000002 000001DA
1.2602000000000002 000001DA
1.2602000000000002 000001DA
1.2602000000000002 000001DA
1.2602000000000002 000001DA
1.2602000000000002 000001DA
1.2602000000000002 000001DA
1.2602000000000002 000001DA
1.2602000000000002 000001DA
1.2602000000000002 000001DA
1.2602000000000002 000001DA
1.2602000000000002 000001DA
1.2602000000000002 000001DA
1.2602000000000002 000001DA
1.2602000000000002 000001DA
1.2602000000000002 000001DA
1.2602000000000002 000001DA
1.2729 000001F2
1.2729 000001F2
1.2729 000001F2
1.2729 000001F2
1.2729 000001F2
1.2729 000001F2
1.2729 000001F2
1.2729 000001F2
1.2729 000001F2
1.2729 000001F2
1.2729 000001F2
1.2729 000001F2
1.2729 000001F2
1.2729 000001F2
1.2729 000001F2
1.2729 000001F2
1.2729 000001F2
1.2729 000001F2
1.2729 000001F2
1.2729 000001F2
1.2856 000001FD
1.2856 000001FD
1.2856 000001FD
1.2856 000001FD
1.2856 000001FD
1.2856 000001FD
1.2856 000001FD
1.2856 000001FD
1.2856 000001FD
1.2856 000001FC
1.2856 000001FC
1.2856 000001FC
1.2856 000001FC
1.2856 000001FD
1.2856 000001FD
1.2856 000001FD
1.2856 000001FC
1.2856 000001FC
1.2856 000001FC
1.2856 000001FD
1.2983 00000216
1.2983 00000216
1.2983 00000216
1.2983 00000216
1.2983 00000216
1.2983 00000216
1.2983 00000216
1.2983 00000216
1.2983 00000216
1.2983 00000216
1.2983 00000216
1.2983 00000215
1.2983 00000215
1.2983 00000215
1.2983 00000216
1.2983 00000216
1.2983 00000216
1.2983 00000215
1.2983 00000215
1.2983 00000215
1.311 0000022F
1.311 0000022F
1.311 0000022F
1.311 0000022E
1.311 0000022E
1.311 0000022E
1.311 0000022F
1.311 0000022F
1.311 0000022F
1.311 0000022E
1.311 0000022E
1.311 0000022E
1.311 0000022F
1.311 0000022F
1.311 0000022F
1.311 0000022F
1.311 0000022F
1.311 0000022F
1.311 0000022F
1.311 0000022F
1.3237 00000239
1.3237 00000239
1.3237 00000239
1.3237 00000239
1.3237 00000239
1.3237 00000239
1.3237 00000239
1.3237 00000239
1.3237 00000239
1.3237 00000239
1.3237 00000239
1.3237 00000239
1.3237 00000239
1.3237 00000239
1.3237 00000239
1.3237 00000239
1.3237 00000239
1.3237 00000239
1.3237 00000239
1.3237 00000239
1.3364 00000252
1.3364 00000252
1.3364 00000251
1.3364 00000251
1.3364 00000251
1.3364 00000251
1.3364 00000252
1.3364 00000252
1.3364 00000252
1.3364 00000252
1.3364 00000252
1.3364 00000252
1.3364 00000252
1.3364 00000252
1.3364 00000252
1.3364 00000252
1.3364 00000252
1.3364 00000252
1.3364 00000252
1.3364 00000252
1.3491 0000025C
1.3491 0000025C
1.3491 0000025D
1.3491 0000025D
1.3491 0000025D
1.3491 0000025D
1.3491 0000025C
1.3491 0000025C
1.3491 0000025C
1.3491 0000025C
1.3491 0000025C
1.3491 0000025C
1.3491 0000025C
1.3491 0000025C
1.3491 0000025C
1.3491 0000025C
1.3491 0000025C
1.3491 0000025C
1.3491 0000025C
1.3491 0000025C
1.3618000000000001 00000275
1.3618000000000001 00000275
1.3618000000000001 00000275
1.3618000000000001 00000275
1.3618000000000001 00000275
1.3618000000000001 00000275
1.3618000000000001 00000275
1.3618000000000001 00000275
1.3618000000000001 00000275
1.3618000000000001 00000275
1.3618000000000001 00000275
1.3618000000000001 00000275
1.3618000000000001 00000275
1.3618000000000001 00000275
1.3618000000000001 00000275
1.3618000000000001 00000275
1.3618000000000001 00000275
1.3618000000000001 00000275
1.3618000000000001 00000275
1.3618000000000001 00000275
1.3745 0000027F
1.3745 0000027F
1.3745 0000027F
1.3745 0000027F
1.3745 0000027F
1.3745 0000027F
1.3745 0000027F
1.3745 0000027F
1.3745 0000027F
1.3745 0000027F
1.3745 0000027F
1.3745 0000027F
1.3745 0000027F
1.3745 0000027E
1.3745 0000027E
1.3745 0000027E
1.3745 0000027F
1.3745 0000027F
1.3745 0000027F
1.3745 0000028E
1.3872 00000298
1.3872 00000298
1.3872 00000298
1.3872 00000298
1.3872 00000298
1.3872 00000298
1.3872 00000298
1.3872 00000298
1.3872 00000298
1.3872 00000298
1.3872 00000298
1.3872 00000297
1.3872 00000297
1.3872 00000297
1.3872 00000298
1.3872 00000298
1.3872 00000298
1.3872 00000297
1.3872 00000297
1.3872 00000297
1.3999000000000001 000002B1
1.3999000000000001 000002B1
1.3999000000000001 000002B1
1.3999000000000001 000002B1
1.3999000000000001 000002B1
1.3999000000000001 000002B1
1.3999000000000001 000002B1
1.3999000000000001 000002B1
1.3999000000000001 000002B1
1.3999000000000001 000002B1
1.3999000000000001 000002B1
1.3999000000000001 000002B1
1.3999000000000001 000002B1
1.3999000000000001 000002B1
1.3999000000000001 000002B1
1.3999000000000001 000002B1
1.3999000000000001 000002B1
1.3999000000000001 000002B1
1.3999000000000001 000002B1
1.3999000000000001 000002B1
1.4126 000002BA
1.4126 000002BB
1.4126 000002BB
1.4126 000002BB
1.4126 000002BB
1.4126 000002BB
1.4126 000002BB
1.4126 000002BB
1.4126 000002BB
1.4126 000002BB
1.4126 000002BB
1.4126 000002BB
1.4126 000002BB
1.4126 000002BB
1.4126 000002BB
1.4126 000002BB
1.4126 000002BB
1.4126 000002BB
1.4126 000002BB
1.4126 000002BB
1.4253 000002D4
1.4253 000002D4
1.4253 000002D4
1.4253 000002D4
1.4253 000002D4
1.4253 000002D4
1.4253 000002D4
1.4253 000002D4
1.4253 000002D4
1.4253 000002D4
1.4253 000002D4
1.4253 000002D4
1.4253 000002D4
1.4253 000002D4
1.4253 000002D4
1.4253 000002D4
1.4253 000002D4
1.4253 000002D4
1.4253 000002D4
1.4253 000002D4
1.4380000000000002 000002DE
1.4380000000000002 000002DE
1.4380000000000002 000002DE
1.4380000000000002 000002DE
1.4380000000000002 000002DE
1.4380000000000002 000002DE
1.4380000000000002 000002DE
1.4380000000000002 000002DE
1.4380000000000002 000002DE
1.4380000000000002 000002DE
1.4380000000000002 000002DE
1.4380000000000002 000002DE
1.4380000000000002 000002DE
1.4380000000000002 000002DE
1.4380000000000002 000002DE
1.4380000000000002 000002DE
1.4380000000000002 000002DE
1.4380000000000002 000002DE
1.4380000000000002 000002DE
1.4380000000000002 000002DE
1.4507 000002F6
1.4507 000002F6
1.4507 000002F6
1.4507 000002F6
1.4507 000002F6
1.4507 000002F6
1.4507 000002F7
1.4507 000002F7
1.4507 000002F7
1.4507 000002F6
1.4507 000002F6
1.4507 000002F6
1.4507 000002F7
1.4507 000002F7
1.4507 000002F7
1.4507 000002F7
1.4507 000002F7
1.4507 000002F7
1.4507 000002F7
1.4507 000002F7
1.4634 00000310
1.4634 00000310
1.4634 00000310
1.4634 00000310
1.4634 00000310
1.4634 00000310
1.4634 00000310
1.4634 00000310
1.4634 00000310
1.4634 00000310
1.4634 00000310
1.4634 00000310
1.4634 00000310
1.4634 00000310
1.4634 00000310
1.4634 00000310
1.4634 00000310
1.4634 00000310
1.4634 00000310
1.4634 00000310
1.4761000000000002 0000031A
1.4761000000000002 0000031A
1.4761000000000002 0000031A
1.4761000000000002 0000031A
1.4761000000000002 0000031A
1.4761000000000002 0000031A
1.4761000000000002 0000031A
1.4761000000000002 0000031A
1.4761000000000002 0000031A
1.4761000000000002 0000031A
1.4761000000000002 0000031A
1.4761000000000002 0000031A
1.4761000000000002 0000031A
1.4761000000000002 0000031A
1.4761000000000002 0000031A
1.4761000000000002 0000031A
1.4761000000000002 0000031A
1.4761000000000002 0000031A
1.4761000000000002 0000031A
1.4761000000000002 0000031A
1.4888000000000001 00000333
1.4888000000000001 00000333
1.4888000000000001 00000333
1.4888000000000001 00000333
1.4888000000000001 00000333
1.4888000000000001 00000333
1.4888000000000001 00000333
1.4888000000000001 00000332
1.4888000000000001 00000332
1.4888000000000001 00000332
1.4888000000000001 00000332
1.4888000000000001 00000333
1.4888000000000001 00000333
1.4888000000000001 00000333
1.4888000000000001 00000332
1.4888000000000001 00000332
1.4888000000000001 00000332
1.4888000000000001 00000333
1.4888000000000001 00000333
1.4888000000000001 00000333
1.5015 0000033D
1.5015 0000033D
1.5015 0000033D
1.5015 0000033D
1.5015 0000033D
1.5015 0000033D
1.5015 0000033D
1.5015 0000033D
1.5015 0000033D
1.5015 0000033D
1.5015 0000033D
1.5015 0000033D
1.5015 0000033D
1.5015 0000033D
1.5015 0000033D
1.5015 0000033D
1.5015 0000033D
1.5015 0000033D
1.5015 0000033D
1.5015 0000033D
1.5142000000000002 00000356
1.5142000000000002 00000356
1.5142000000000002 00000356
1.5142000000000002 00000356
1.5142000000000002 00000356
1.5142000000000002 00000356
1.5142000000000002 00000356
1.5142000000000002 00000356
1.5142000000000002 00000356
1.5142000000000002 00000356
1.5142000000000002 00000356
1.5142000000000002 00000356
1.5142000000000002 00000356
1.5142000000000002 00000356
1.5142000000000002 00000356
1.5142000000000002 00000356
1.5142000000000002 00000356
1.5142000000000002 00000355
1.5142000000000002 00000355
1.5142000000000002 00000355
1.5269 0000036F
1.5269 0000036F
1.5269 0000036F
1.5269 0000036F
1.5269 0000036F
1.5269 0000036E
1.5269 0000036E
1.5269 0000036E
1.5269 0000036F
1.5269 0000036F
1.5269 0000036F
1.5269 0000036E
1.5269 0000036E
1.5269 0000036E
1.5269 0000036E
1.5269 0000036E
1.5269 0000036E
1.5269 0000036E
1.5269 0000036E
1.5269 0000036E
1.5396 0000037A
1.5396 0000037A
1.5396 0000037A
1.5396 00000379
1.5396 00000379
1.5396 00000379
1.5396 00000379
1.5396 00000379
1.5396 00000379
1.5396 00000379
1.5396 00000379
1.5396 00000379
1.5396 00000379
1.5396 00000379
1.5396 00000379
1.5396 00000379
1.5396 00000379
1.5396 00000379
1.5396 00000379
1.5396 00000379
1.5523000000000002 00000392
1.5523000000000002 00000392
1.5523000000000002 00000392
1.5523000000000002 00000392
1.5523000000000002 00000392
1.5523000000000002 00000392
1.5523000000000002 00000392
1.5523000000000002 00000392
1.5523000000000002 00000392
1.5523000000000002 00000392
1.5523000000000002 00000392
1.5523000000000002 00000392
1.5523000000000002 00000392
1.5523000000000002 00000392
1.5523000000000002 00000392
1.5523000000000002 00000392
1.5523000000000002 00000392
1.5523000000000002 00000392
1.5523000000000002 00000392
1.5523000000000002 00000392
1.565 0000039C
1.565 0000039C
1.565 0000039C
1.565 0000039C
1.565 0000039C
1.565 0000039C
1.565 0000039C
1.565 0000039C
1.565 0000039C
1.565 0000039C
1.565 0000039C
1.565 0000039C
1.565 0000039C
1.565 0000039C
1.565 0000039C
1.565 0000039C
1.565 0000039C
1.565 0000039B
1.565 0000039B
1.565 0000039B
1.5777 000003B5
1.5777 000003B5
1.5777 000003B5
1.5777 000003B5
1.5777 000003B5
1.5777 000003B5
1.5777 000003B5
1.5777 000003B5
1.5777 000003B5
1.5777 000003B5
1.5777 000003B5
1.5777 000003B5
1.5777 000003B5
1.5777 000003B5
1.5777 000003B4
1.5777 000003B4
1.5777 000003B4
1.5777 000003B5
1.5777 000003B5
1.5777 000003B5
1.5904000000000003 000003BF
1.5904000000000003 000003BF
1.5904000000000003 000003BF
1.5904000000000003 000003BF
1.5904000000000003 000003BF
1.5904000000000003 000003BF
1.5904000000000003 000003BF
1.5904000000000003 000003BF
1.5904000000000003 000003BF
1.5904000000000003 000003BF
1.5904000000000003 000003BF
1.5904000000000003 000003BF
1.5904000000000003 000003BF
1.5904000000000003 000003BF
1.5904000000000003 000003BF
1.5904000000000003 000003BF
1.5904000000000003 000003BF
1.5904000000000003 000003BF
1.5904000000000003 000003BF
1.5904000000000003 000003BF
1.6031 000003D7
1.6031 000003D7
1.6031 000003D7
1.6031 000003D7
1.6031 000003D7
1.6031 000003D7
1.6031 000003D7
1.6031 000003D7
1.6031 000003D7
1.6031 000003D7
1.6031 000003D7
1.6031 000003D7
1.6031 000003D7
1.6031 000003D8
1.6031 000003D8
1.6031 000003D8
1.6031 000003D7
1.6031 000003D7
1.6031 000003D7
1.6031 000003D7
1.6158000000000001 000003F1
1.6158000000000001 000003F1
1.6158000000000001 000003F1
1.6158000000000001 000003F1
1.6158000000000001 000003F1
1.6158000000000001 000003F1
1.6158000000000001 000003F1
1.6158000000000001 000003F1
1.6158000000000001 000003F0
1.6158000000000001 000003F0
1.6158000000000001 000003F0
1.6158000000000001 000003EF
1.6158000000000001 000003EF
1.6158000000000001 000003EF
1.6158000000000001 000003F0
1.6158000000000001 000003F0
1.6158000000000001 000003F0
1.6158000000000001 000003F0
1.6158000000000001 000003F0
1.6158000000000001 000003F0
1.6284999999999998 000003FA
1.6284999999999998 000003FA
1.6284999999999998 000003FA
1.6284999999999998 000003FA
1.6284999999999998 000003FA
1.6284999999999998 000003FA
1.6284999999999998 000003FA
1.6284999999999998 000003FA
1.6284999999999998 000003FA
1.6284999999999998 000003FA
1.6284999999999998 000003FA
1.6284999999999998 000003FA
1.6284999999999998 000003FA
1.6284999999999998 000003FA
1.6284999999999998 000003FA
1.6284999999999998 000003FA
1.6284999999999998 000003FA
1.6284999999999998 000003FA
1.6284999999999998 000003FA
1.6284999999999998 000003FA
1.6412 00000452
1.6412 00000452
1.6412 00000452
1.6412 00000452
1.6412 00000452
1.6412 00000452
1.6412 00000451
1.6412 00000451
1.6412 00000451
1.6412 00000452
1.6412 00000452
1.6412 00000452
1.6412 00000452
1.6412 00000451
1.6412 00000451
1.6412 00000451
1.6412 00000451
1.6412 00000451
1.6412 00000451
1.6412 00000451
1.6539000000000001 0000045B
1.6539000000000001 0000045B
1.6539000000000001 0000045B
1.6539000000000001 0000045B
1.6539000000000001 0000045B
1.6539000000000001 0000045B
1.6539000000000001 0000045C
1.6539000000000001 0000045C
1.6539000000000001 0000045C
1.6539000000000001 0000045B
1.6539000000000001 0000045B
1.6539000000000001 0000045B
1.6539000000000001 0000045B
1.6539000000000001 0000045B
1.6539000000000001 0000045B
1.6539000000000001 0000045C
1.6539000000000001 0000045C
1.6539000000000001 0000045C
1.6539000000000001 0000045C
1.6539000000000001 0000045C
1.6665999999999999 00000474
1.6665999999999999 00000474
1.6665999999999999 00000474
1.6665999999999999 00000474
1.6665999999999999 00000474
1.6665999999999999 00000474
1.6665999999999999 00000475
1.6665999999999999 00000475
1.6665999999999999 00000475
1.6665999999999999 00000475
1.6665999999999999 00000475
1.6665999999999999 00000475
1.6665999999999999 00000475
1.6665999999999999 00000474
1.6665999999999999 00000474
1.6665999999999999 00000474
1.6665999999999999 00000474
1.6665999999999999 00000474
1.6665999999999999 00000475
1.6665999999999999 00000475
1.6793 0000047E
1.6793 0000047E
1.6793 0000047E
1.6793 0000047E
1.6793 0000047E
1.6793 0000047E
1.6793 0000047E
1.6793 0000047E
1.6793 0000047E
1.6793 0000047E
1.6793 0000047E
1.6793 0000047E
1.6793 0000047E
1.6793 0000047E
1.6793 0000047E
1.6793 0000047E
1.6793 0000047E
1.6793 0000047E
1.6793 0000047E
1.6793 0000047E
1.6920000000000002 00000496
1.6920000000000002 00000496
1.6920000000000002 00000496
1.6920000000000002 00000497
1.6920000000000002 00000497
1.6920000000000002 00000497
1.6920000000000002 00000497
1.6920000000000002 00000497
1.6920000000000002 00000497
1.6920000000000002 00000497
1.6920000000000002 00000497
1.6920000000000002 00000497
1.6920000000000002 00000497
1.6920000000000002 00000497
1.6920000000000002 00000497
1.6920000000000002 00000497
1.6920000000000002 00000497
1.6920000000000002 00000497
1.6920000000000002 00000497
1.6920000000000002 00000497
1.7046999999999999 000004B0
1.7046999999999999 000004B0
1.7046999999999999 000004B0
1.7046999999999999 000004AF
1.7046999999999999 000004AF
1.7046999999999999 000004AF
1.7046999999999999 000004AF
1.7046999999999999 000004AF
1.7046999999999999 000004AF
1.7046999999999999 000004AF
1.7046999999999999 000004B0
1.7046999999999999 000004B0
1.7046999999999999 000004B0
1.7046999999999999 000004B0
1.7046999999999999 000004B0
1.7046999999999999 000004B0
1.7046999999999999 000004B0
1.7046999999999999 000004B0
1.7046999999999999 000004B0
1.7046999999999999 000004AF
1.7174 000004BA
1.7174 000004BA
1.7174 000004BA
1.7174 000004BA
1.7174 000004BA
1.7174 000004BA
1.7174 000004BA
1.7174 000004BA
1.7174 000004BA
1.7174 000004BA
1.7174 000004BA
1.7174 000004BA
1.7174 000004BA
1.7174 000004BA
1.7174 000004BA
1.7174 000004BA
1.7174 000004BA
1.7174 000004BA
1.7174 000004BA
1.7174 000004BA
1.7301000000000002 000004D2
1.7301000000000002 000004D2
1.7301000000000002 000004D2
1.7301000000000002 000004D3
1.7301000000000002 000004D3
1.7301000000000002 000004D3
1.7301000000000002 000004D3
1.7301000000000002 000004D3
1.7301000000000002 000004D3
1.7301000000000002 000004D2
1.7301000000000002 000004D2
1.7301000000000002 000004D2
1.7301000000000002 000004D2
1.7301000000000002 000004D2
1.7301000000000002 000004D2
1.7301000000000002 000004D2
1.7301000000000002 000004D2
1.7301000000000002 000004D2
1.7301000000000002 000004D2
1.7301000000000002 000004D3
1.7428 000004DD
1.7428 000004DD
1.7428 000004DD
1.7428 000004DD
1.7428 000004DD
1.7428 000004DD
1.7428 000004DD
1.7428 000004DD
1.7428 000004DD
1.7428 000004DD
1.7428 000004DD
1.7428 000004DD
1.7428 000004DD
1.7428 000004DD
1.7428 000004DD
1.7428 000004DD
1.7428 000004DD
1.7428 000004DC
1.7428 000004DC
1.7428 000004DC
1.7555 000004F5
1.7555 000004F5
1.7555 000004F5
1.7555 000004F5
1.7555 000004F5
1.7555 000004F5
1.7555 000004F5
1.7555 000004F5
1.7555 000004F5
1.7555 000004F5
1.7555 000004F5
1.7555 000004F5
1.7555 000004F5
1.7555 000004F5
1.7555 000004F5
1.7555 000004F5
1.7555 000004F5
1.7555 000004F5
1.7555 000004F5
1.7555 000004F5
1.7682000000000002 000004FF
1.7682000000000002 000004FF
1.7682000000000002 000004FF
1.7682000000000002 000004FF
1.7682000000000002 000004FF
1.7682000000000002 000004FF
1.7682000000000002 000004FF
1.7682000000000002 000004FF
1.7682000000000002 000004FF
1.7682000000000002 0000050F
1.7682000000000002 0000050F
1.7682000000000002 0000050F
1.7682000000000002 0000050E
1.7682000000000002 0000050E
1.7682000000000002 0000050E
1.7682000000000002 0000050E
1.7682000000000002 0000050E
1.7682000000000002 0000050E
1.7682000000000002 0000050E
1.7682000000000002 0000050E
1.7809 00000519
1.7809 00000518
1.7809 00000518
1.7809 00000518
1.7809 00000518
1.7809 00000518
1.7809 00000518
1.7809 00000518
1.7809 00000519
1.7809 00000519
1.7809 00000519
1.7809 00000518
1.7809 00000518
1.7809 00000518
1.7809 00000519
1.7809 00000519
1.7809 00000519
1.7809 00000518
1.7809 00000518
1.7809 00000518
1.7936 00000531
1.7936 00000531
1.7936 00000531
1.7936 00000531
1.7936 00000531
1.7936 00000531
1.7936 00000530
1.7936 00000530
1.7936 00000530
1.7936 00000531
1.7936 00000531
1.7936 00000531
1.7936 00000531
1.7936 00000531
1.7936 00000531
1.7936 00000531
1.7936 00000531
1.7936 00000531
1.7936 00000531
1.7936 00000531
1.8063 0000053A
1.8063 0000053A
1.8063 0000053B
1.8063 0000053B
1.8063 0000053B
1.8063 0000053B
1.8063 0000053B
1.8063 0000053B
1.8063 0000053B
1.8063 0000053B
1.8063 0000053B
1.8063 0000053B
1.8063 0000053B
1.8063 0000053B
1.8063 0000053B
1.8063 0000053A
1.8063 0000053A
1.8063 0000053A
1.8063 0000053A
1.8063 0000053A
1.819 00000553
1.819 00000553
1.819 00000553
1.819 00000553
1.819 00000553
1.819 00000553
1.819 00000553
1.819 00000554
1.819 00000554
1.819 00000554
1.819 00000554
1.819 00000554
1.819 00000554
1.819 00000554
1.819 00000554
1.819 00000554
1.819 00000554
1.819 00000554
1.819 00000554
1.819 00000554
1.8317 0000055D
1.8317 0000055D
1.8317 0000055D
1.8317 0000055D
1.8317 0000055D
1.8317 0000055D
1.8317 0000055D
1.8317 0000055D
1.8317 0000055D
1.8317 0000055D
1.8317 0000055D
1.8317 0000055D
1.8317 0000055D
1.8317 0000055D
1.8317 0000055D
1.8317 0000055D
1.8317 0000055D
1.8317 0000055D
1.8317 0000055D
1.8317 0000055D
1.8444 00000576
1.8444 00000575
1.8444 00000575
1.8444 00000575
1.8444 00000576
1.8444 00000576
1.8444 00000576
1.8444 00000576
1.8444 00000576
1.8444 00000576
1.8444 00000575
1.8444 00000575
1.8444 00000575
1.8444 00000576
1.8444 00000576
1.8444 00000576
1.8444 00000575
1.8444 00000575
1.8444 00000575
1.8444 00000575
1.8571 0000058F
1.8571 0000058F
1.8571 0000058F
1.8571 0000058E
1.8571 0000058E
1.8571 0000058E
1.8571 0000057F
1.8571 0000057F
1.8571 0000057F
1.8571 0000057F
1.8571 0000057F
1.8571 0000058F
1.8571 0000058F
1.8571 0000058F
1.8571 0000058E
1.8571 0000058E
1.8571 0000058E
1.8571 0000058E
1.8571 0000057F
1.8571 0000057F
1.8698000000000001 00000598
1.8698000000000001 00000598
1.8698000000000001 00000599
1.8698000000000001 00000599
1.8698000000000001 00000599
1.8698000000000001 00000599
1.8698000000000001 00000599
1.8698000000000001 00000599
1.8698000000000001 00000599
1.8698000000000001 00000598
1.8698000000000001 00000598
1.8698000000000001 00000598
1.8698000000000001 00000599
1.8698000000000001 00000599
1.8698000000000001 00000599
1.8698000000000001 00000598
1.8698000000000001 00000598
1.8698000000000001 00000598
1.8698000000000001 00000599
1.8698000000000001 00000599
1.8825 000005B1
1.8825 000005B1
1.8825 000005B1
1.8825 000005B1
1.8825 000005B1
1.8825 000005B1
1.8825 000005B1
1.8825 000005B1
1.8825 000005B1
1.8825 000005B1
1.8825 000005B0
1.8825 000005B0
1.8825 000005B0
1.8825 000005B0
1.8825 000005B1
1.8825 000005B1
1.8825 000005B1
1.8825 000005B0
1.8825 000005B0
1.8825 000005B0
1.8952 000005BA
1.8952 000005BA
1.8952 000005BA
1.8952 000005BB
1.8952 000005BB
1.8952 000005BB
1.8952 000005BA
1.8952 000005BA
1.8952 000005BA
1.8952 000005BA
1.8952 000005BA
1.8952 000005BA
1.8952 000005BA
1.8952 000005BA
1.8952 000005BA
1.8952 000005BA
1.8952 000005BA
1.8952 000005BA
1.8952 000005BA
1.8952 000005BB
1.9079000000000002 000005D3
1.9079000000000002 000005D4
1.9079000000000002 000005D4
1.9079000000000002 000005D4
1.9079000000000002 000005D3
1.9079000000000002 000005D3
1.9079000000000002 000005D3
1.9079000000000002 000005D3
1.9079000000000002 000005D3
1.9079000000000002 000005D3
1.9079000000000002 000005D3
1.9079000000000002 000005D3
1.9079000000000002 000005D3
1.9079000000000002 000005D3
1.9079000000000002 000005D3
1.9079000000000002 000005D3
1.9079000000000002 000005D3
1.9079000000000002 000005D4
1.9079000000000002 000005D4
1.9079000000000002 000005D4
1.9206 000005DD
1.9206 000005DD
1.9206 000005DD
1.9206 000005DD
1.9206 000005DD
1.9206 000005DD
1.9206 000005DD
1.9206 000005DD
1.9206 000005DD
1.9206 000005DD
1.9206 000005DD
1.9206 000005DD
1.9206 000005DD
1.9206 000005DD
1.9206 000005DD
1.9206 000005DD
1.9206 000005DD
1.9206 000005DD
1.9206 000005DE
1.9206 000005DE
1.9333 000005F5
1.9333 000005F5
1.9333 000005F5
1.9333 000005F5
1.9333 000005F5
1.9333 000005F5
1.9333 000005F5
1.9333 000005F5
1.9333 000005F5
1.9333 000005F5
1.9333 000005F5
1.9333 000005F5
1.9333 000005F5
1.9333 000005F5
1.9333 000005F5
1.9333 000005F5
1.9333 000005F5
1.9333 000005F5
1.9333 000005F5
1.9333 000005F5
1.9460000000000002 000005FF
1.9460000000000002 000005FF
1.9460000000000002 000005FF
1.9460000000000002 000005FF
1.9460000000000002 000005FF
1.9460000000000002 000005FF
1.9460000000000002 000005FF
1.9460000000000002 000005FF
1.9460000000000002 000005FF
1.9460000000000002 000005FF
1.9460000000000002 000005FF
1.9460000000000002 0000060E
1.9460000000000002 0000060E
1.9460000000000002 0000060E
1.9460000000000002 000005FF
1.9460000000000002 000005FF
1.9460000000000002 000005FF
1.9460000000000002 000005FF
1.9460000000000002 000005FF
1.9460000000000002 000005FF
1.9586999999999999 00000619
1.9586999999999999 00000619
1.9586999999999999 00000619
1.9586999999999999 00000619
1.9586999999999999 00000618
1.9586999999999999 00000618
1.9586999999999999 00000618
1.9586999999999999 00000618
1.9586999999999999 00000618
1.9586999999999999 00000618
1.9586999999999999 00000618
1.9586999999999999 00000618
1.9586999999999999 00000618
1.9586999999999999 00000619
1.9586999999999999 00000619
1.9586999999999999 00000619
1.9586999999999999 00000618
1.9586999999999999 00000618
1.9586999999999999 00000618
1.9586999999999999 00000619
1.9714 00000631
1.9714 00000631
1.9714 00000631
1.9714 00000631
1.9714 00000631
1.9714 00000631
1.9714 00000631
1.9714 00000630
1.9714 00000630
1.9714 00000630
1.9714 00000631
1.9714 00000631
1.9714 00000631
1.9714 00000631
1.9714 00000631
1.9714 00000631
1.9714 00000631
1.9714 00000631
1.9714 00000630
1.9714 00000630
1.9841000000000002 0000063A
1.9841000000000002 0000063A
1.9841000000000002 0000063B
1.9841000000000002 0000063B
1.9841000000000002 0000063B
1.9841000000000002 0000063A
1.9841000000000002 0000063A
1.9841000000000002 0000063A
1.9841000000000002 0000063A
1.9841000000000002 0000063A
1.9841000000000002 0000063A
1.9841000000000002 0000063A
1.9841000000000002 0000063A
1.9841000000000002 0000063A
1.9841000000000002 0000063A
1.9841000000000002 0000063A
1.9841000000000002 0000063A
1.9841000000000002 0000063A
1.9841000000000002 0000063A
1.9841000000000002 0000063A
1.9968 00000652
1.9968 00000652
1.9968 00000652
1.9968 00000654
1.9968 00000654
1.9968 00000654
1.9968 00000653
1.9968 00000653
1.9968 00000653
1.9968 00000653
1.9968 00000653
1.9968 00000653
1.9968 00000653
1.9968 00000653
1.9968 00000653
1.9968 00000653
1.9968 00000653
1.9968 00000653
1.9968 00000653
1.9968 00000653
2.0095 0000065D
2.0095 0000065D
2.0095 0000065D
2.0095 0000065D
2.0095 0000065D
2.0095 0000065D
2.0095 0000065D
2.0095 0000065D
2.0095 0000065D
2.0095 0000065D
2.0095 0000065D
2.0095 0000065C
2.0095 0000065C
2.0095 0000065C
2.0095 0000065D
2.0095 0000065D
2.0095 0000065D
2.0095 0000065D
2.0095 0000065D
2.0095 0000065D
2.0222 00000675
2.0222 00000675
2.0222 00000675
2.0222 00000675
2.0222 00000675
2.0222 00000675
2.0222 00000675
2.0222 00000675
2.0222 00000675
2.0222 00000675
2.0222 00000675
2.0222 00000675
2.0222 00000675
2.0222 00000675
2.0222 00000675
2.0222 00000675
2.0222 00000675
2.0222 00000675
2.0222 00000675
2.0222 00000675
2.0349 0000067E
2.0349 0000067E
2.0349 0000067E
2.0349 0000067E
2.0349 0000067E
2.0349 0000067E
2.0349 0000067E
2.0349 0000067E
2.0349 0000067E
2.0349 0000067E
2.0349 0000067E
2.0349 0000067E
2.0349 0000067E
2.0349 0000067E
2.0349 0000067F
2.0349 0000067F
2.0349 0000067F
2.0349 0000067E
2.0349 0000067E
2.0349 0000067E
2.0476 00000696
2.0476 00000696
2.0476 00000696
2.0476 00000697
2.0476 00000697
2.0476 00000697
2.0476 00000697
2.0476 00000697
2.0476 00000697
2.0476 00000697
2.0476 00000697
2.0476 00000697
2.0476 00000697
2.0476 00000697
2.0476 00000697
2.0476 00000696
2.0476 00000696
2.0476 00000696
2.0476 00000696
2.0476 00000696
2.0603000000000002 000006AE
2.0603000000000002 000006AF
2.0603000000000002 000006AF
2.0603000000000002 000006AF
2.0603000000000002 000006AE
2.0603000000000002 000006AE
2.0603000000000002 000006AE
2.0603000000000002 000006AE
2.0603000000000002 000006AE
2.0603000000000002 000006AE
2.0603000000000002 000006AE
2.0603000000000002 000006AE
2.0603000000000002 000006AE
2.0603000000000002 000006AE
2.0603000000000002 000006AE
2.0603000000000002 000006AE
2.0603000000000002 000006AE
2.0603000000000002 000006AE
2.0603000000000002 000006AE
2.0603000000000002 000006AE
2.073 000006B9
2.073 000006B9
2.073 000006B8
2.073 000006B8
2.073 000006B8
2.073 000006B8
2.073 000006B8
2.073 000006B8
2.073 000006B8
2.073 000006B8
2.073 000006B9
2.073 000006B9
2.073 000006B9
2.073 000006B8
2.073 000006B8
2.073 000006B8
2.073 000006B9
2.073 000006B9
2.073 000006B9
2.073 000006B9
2.0857 000006D1
2.0857 000006D1
2.0857 000006D0
2.0857 000006D0
2.0857 000006D0
2.0857 000006D0
2.0857 000006D0
2.0857 000006D0
2.0857 000006D0
2.0857 000006D0
2.0857 000006D0
2.0857 000006D0
2.0857 000006D0
2.0857 000006D0
2.0857 000006D0
2.0857 000006D1
2.0857 000006D1
2.0857 000006D1
2.0857 000006D1
2.0857 000006D1
2.0984000000000003 000006DA
2.0984000000000003 000006DA
2.0984000000000003 000006DA
2.0984000000000003 000006DA
2.0984000000000003 000006DA
2.0984000000000003 000006DA
2.0984000000000003 000006DA
2.0984000000000003 000006DA
2.0984000000000003 000006DA
2.0984000000000003 000006DA
2.0984000000000003 000006DA
2.0984000000000003 000006DA
2.0984000000000003 000006DA
2.0984000000000003 000006DA
2.0984000000000003 000006DA
2.0984000000000003 000006DA
2.0984000000000003 000006DA
2.0984000000000003 000006DA
2.0984000000000003 000006DA
2.0984000000000003 000006DA
2.1111 000006F2
2.1111 000006F2
2.1111 000006F2
2.1111 000006F2
2.1111 000006F2
2.1111 000006F2
2.1111 000006F2
2.1111 000006F2
2.1111 000006F2
2.1111 000006F2
2.1111 000006F2
2.1111 000006F2
2.1111 000006F2
2.1111 000006F2
2.1111 000006F2
2.1111 000006F2
2.1111 000006F2
2.1111 000006F2
2.1111 000006F2
2.1111 000006F2
2.1238 000006FB
2.1238 000006FC
2.1238 000006FC
2.1238 000006FC
2.1238 000006FC
2.1238 000006FB
2.1238 000006FB
2.1238 000006FB
2.1238 000006FB
2.1238 000006FB
2.1238 000006FB
2.1238 000006FB
2.1238 000006FB
2.1238 000006FB
2.1238 000006FB
2.1238 000006FB
2.1238 000006FB
2.1238 000006FB
2.1238 000006FB
2.1238 000006FB
2.1365000000000003 00000714
2.1365000000000003 00000714
2.1365000000000003 00000714
2.1365000000000003 00000714
2.1365000000000003 00000714
2.1365000000000003 00000714
2.1365000000000003 00000712
2.1365000000000003 00000712
2.1365000000000003 00000712
2.1365000000000003 00000713
2.1365000000000003 00000713
2.1365000000000003 00000713
2.1365000000000003 00000713
2.1365000000000003 00000714
2.1365000000000003 00000714
2.1365000000000003 00000714
2.1365000000000003 00000713
2.1365000000000003 00000713
2.1365000000000003 00000713
2.1365000000000003 00000714
2.1492 0000071D
2.1492 0000071D
2.1492 0000071D
2.1492 0000071D
2.1492 0000071D
2.1492 0000071D
2.1492 0000071D
2.1492 0000071D
2.1492 0000071D
2.1492 0000071D
2.1492 0000071D
2.1492 0000071D
2.1492 0000071D
2.1492 0000071D
2.1492 0000071D
2.1492 0000071D
2.1492 0000071D
2.1492 0000071D
2.1492 0000071D
2.1492 0000071D
2.1619 00000734
2.1619 00000734
2.1619 00000734
2.1619 00000735
2.1619 00000735
2.1619 00000735
2.1619 00000735
2.1619 00000735
2.1619 00000735
2.1619 00000735
2.1619 00000735
2.1619 00000735
2.1619 00000734
2.1619 00000734
2.1619 00000734
2.1619 00000735
2.1619 00000735
2.1619 00000735
2.1619 00000735
2.1619 00000735
2.1746000000000003 0000073E
2.1746000000000003 0000073E
2.1746000000000003 0000073E
2.1746000000000003 0000073E
2.1746000000000003 0000073E
2.1746000000000003 0000073E
2.1746000000000003 0000073E
2.1746000000000003 0000073E
2.1746000000000003 0000073E
2.1746000000000003 0000073E
2.1746000000000003 0000073E
2.1746000000000003 0000073E
2.1746000000000003 0000073E
2.1746000000000003 0000073E
2.1746000000000003 0000073E
2.1746000000000003 0000073E
2.1746000000000003 0000073E
2.1746000000000003 0000073E
2.1746000000000003 0000073E
2.1746000000000003 0000073E
2.1873 00000755
2.1873 00000755
2.1873 00000756
2.1873 00000756
2.1873 00000756
2.1873 00000756
2.1873 00000755
2.1873 00000755
2.1873 00000755
2.1873 00000756
2.1873 00000756
2.1873 00000756
2.1873 00000756
2.1873 00000756
2.1873 00000756
2.1873 00000756
2.1873 00000756
2.1873 00000756
2.1873 00000756
2.1873 00000756
