@isf_pulse = 0.8640000000000001us, sampling pulse width = 0.04us, input clk freq is 250.0MHzcap load is 1fF, vcm = 0.95, v0 = 1.0, vrefp = 1.25, vrefn = 0.75.
0.95 0000000B
0.95 0000000B
0.95 0000000B
0.95 0000000D
0.95 0000000D
0.95 0000000D
0.95 0000000B
0.95 0000000B
0.95 0000000D
0.95 0000000D
0.95 0000000D
0.95 0000000C
0.95 0000000C
0.95 0000000C
0.95 0000000B
0.95 0000000B
0.95 0000000B
0.95 0000000B
0.95 0000000B
0.95 0000000B
0.95 0000000C
0.95 0000000C
0.95 0000000C
0.95 0000000D
0.95 0000000D
0.95 0000000D
0.95 0000000B
0.95 0000000B
0.95 0000000B
0.95 0000000D
0.95 0000000D
0.95 0000000D
0.95 0000000C
0.95 0000000C
0.95 0000000C
0.95 0000000C
0.95 0000000D
0.95 0000000D
0.95 0000000D
0.95 0000000B
0.95 0000000B
0.95 0000000B
0.95 0000000D
0.95 0000000D
0.95 0000000D
0.95 0000000B
0.95 0000000B
0.95 0000000B
0.95 0000000C
0.95 0000000C
0.9652 00000016
0.9652 00000015
0.9652 00000015
0.9652 00000015
0.9652 00000016
0.9652 00000016
0.9652 00000016
0.9652 00000016
0.9652 00000016
0.9652 00000016
0.9652 00000016
0.9652 00000016
0.9652 00000016
0.9652 00000016
0.9652 00000016
0.9652 00000016
0.9652 00000016
0.9652 00000016
0.9652 00000015
0.9652 00000015
0.9652 00000016
0.9652 00000016
0.9652 00000016
0.9652 00000016
0.9652 00000016
0.9652 00000016
0.9652 00000016
0.9652 00000016
0.9652 00000016
0.9652 00000016
0.9652 00000016
0.9652 00000016
0.9652 00000015
0.9652 00000015
0.9652 00000015
0.9652 00000016
0.9652 00000016
0.9652 00000016
0.9652 00000015
0.9652 00000015
0.9652 00000015
0.9652 00000015
0.9652 00000015
0.9652 00000015
0.9652 00000016
0.9652 00000016
0.9652 00000016
0.9652 00000016
0.9652 00000016
0.9652 00000016
0.9803999999999999 0000002D
0.9803999999999999 0000002D
0.9803999999999999 0000002D
0.9803999999999999 0000002D
0.9803999999999999 0000002D
0.9803999999999999 0000002E
0.9803999999999999 0000002E
0.9803999999999999 0000002E
0.9803999999999999 0000002E
0.9803999999999999 0000002E
0.9803999999999999 0000002E
0.9803999999999999 0000002E
0.9803999999999999 0000002E
0.9803999999999999 0000002E
0.9803999999999999 0000002E
0.9803999999999999 0000002E
0.9803999999999999 0000002E
0.9803999999999999 0000002E
0.9803999999999999 0000002E
0.9803999999999999 0000002E
0.9803999999999999 0000002E
0.9803999999999999 0000002E
0.9803999999999999 0000002E
0.9803999999999999 0000002E
0.9803999999999999 0000002E
0.9803999999999999 0000002D
0.9803999999999999 0000002D
0.9803999999999999 0000002D
0.9803999999999999 0000002E
0.9803999999999999 0000002E
0.9803999999999999 0000002E
0.9803999999999999 0000002E
0.9803999999999999 0000002E
0.9803999999999999 0000002E
0.9803999999999999 0000002D
0.9803999999999999 0000002D
0.9803999999999999 0000002D
0.9803999999999999 0000002E
0.9803999999999999 0000002E
0.9803999999999999 0000002E
0.9803999999999999 0000002E
0.9803999999999999 0000002E
0.9803999999999999 0000002D
0.9803999999999999 0000002D
0.9803999999999999 0000002D
0.9803999999999999 0000002E
0.9803999999999999 0000002E
0.9803999999999999 0000002E
0.9803999999999999 0000002E
0.9803999999999999 0000002E
0.9955999999999999 00000037
0.9955999999999999 00000037
0.9955999999999999 00000037
0.9955999999999999 00000037
0.9955999999999999 00000037
0.9955999999999999 00000037
0.9955999999999999 00000037
0.9955999999999999 00000037
0.9955999999999999 00000037
0.9955999999999999 00000037
0.9955999999999999 00000037
0.9955999999999999 00000037
0.9955999999999999 00000037
0.9955999999999999 00000037
0.9955999999999999 00000037
0.9955999999999999 00000037
0.9955999999999999 00000038
0.9955999999999999 00000038
0.9955999999999999 00000038
0.9955999999999999 00000037
0.9955999999999999 00000037
0.9955999999999999 00000037
0.9955999999999999 00000037
0.9955999999999999 00000037
0.9955999999999999 00000037
0.9955999999999999 00000037
0.9955999999999999 00000037
0.9955999999999999 00000037
0.9955999999999999 00000037
0.9955999999999999 00000037
0.9955999999999999 00000037
0.9955999999999999 00000037
0.9955999999999999 00000037
0.9955999999999999 00000037
0.9955999999999999 00000038
0.9955999999999999 00000038
0.9955999999999999 00000038
0.9955999999999999 00000037
0.9955999999999999 00000037
0.9955999999999999 00000037
0.9955999999999999 00000038
0.9955999999999999 00000038
0.9955999999999999 00000038
0.9955999999999999 00000037
0.9955999999999999 00000037
0.9955999999999999 00000037
0.9955999999999999 00000037
0.9955999999999999 00000037
0.9955999999999999 00000037
0.9955999999999999 00000037
1.0108 00000051
1.0108 00000051
1.0108 00000051
1.0108 00000051
1.0108 00000051
1.0108 00000051
1.0108 00000050
1.0108 00000050
1.0108 00000050
1.0108 00000050
1.0108 00000050
1.0108 00000050
1.0108 00000050
1.0108 00000050
1.0108 00000050
1.0108 00000050
1.0108 00000050
1.0108 00000050
1.0108 00000050
1.0108 00000050
1.0108 00000050
1.0108 00000051
1.0108 00000051
1.0108 00000051
1.0108 00000050
1.0108 00000050
1.0108 00000050
1.0108 00000050
1.0108 00000050
1.0108 00000050
1.0108 00000051
1.0108 00000051
1.0108 00000051
1.0108 00000051
1.0108 00000051
1.0108 00000051
1.0108 00000051
1.0108 00000051
1.0108 00000051
1.0108 00000051
1.0108 00000051
1.0108 00000051
1.0108 00000050
1.0108 00000050
1.0108 00000050
1.0108 00000051
1.0108 00000051
1.0108 00000051
1.0108 00000050
1.0108 00000050
1.026 0000005A
1.026 0000005A
1.026 0000005A
1.026 0000005A
1.026 0000005A
1.026 0000005A
1.026 0000005A
1.026 0000005A
1.026 0000005A
1.026 0000005A
1.026 0000005A
1.026 0000005A
1.026 0000005A
1.026 0000005A
1.026 0000005A
1.026 0000005A
1.026 0000005A
1.026 0000005A
1.026 0000005A
1.026 0000005A
1.026 0000005A
1.026 0000005A
1.026 0000005A
1.026 0000005A
1.026 0000005A
1.026 0000005A
1.026 0000005A
1.026 0000005A
1.026 0000005A
1.026 0000005A
1.026 0000005A
1.026 0000005A
1.026 0000005A
1.026 0000005A
1.026 0000005A
1.026 0000005A
1.026 0000005A
1.026 0000005A
1.026 0000005A
1.026 0000005A
1.026 0000005A
1.026 0000005A
1.026 0000005A
1.026 0000005A
1.026 0000005A
1.026 0000005A
1.026 0000005A
1.026 0000005A
1.026 0000005A
1.026 0000005A
1.0412 00000072
1.0412 00000072
1.0412 00000072
1.0412 00000072
1.0412 00000072
1.0412 00000072
1.0412 00000072
1.0412 00000072
1.0412 00000072
1.0412 00000072
1.0412 00000072
1.0412 00000072
1.0412 00000072
1.0412 00000072
1.0412 00000072
1.0412 00000072
1.0412 00000072
1.0412 00000072
1.0412 00000072
1.0412 00000072
1.0412 00000072
1.0412 00000072
1.0412 00000072
1.0412 00000072
1.0412 00000072
1.0412 00000072
1.0412 00000072
1.0412 00000073
1.0412 00000073
1.0412 00000073
1.0412 00000072
1.0412 00000072
1.0412 00000072
1.0412 00000072
1.0412 00000072
1.0412 00000072
1.0412 00000072
1.0412 00000072
1.0412 00000072
1.0412 00000072
1.0412 00000072
1.0412 00000072
1.0412 00000072
1.0412 00000072
1.0412 00000072
1.0412 00000073
1.0412 00000073
1.0412 00000073
1.0412 00000072
1.0412 00000072
1.0564 0000007D
1.0564 0000007D
1.0564 0000007D
1.0564 0000007D
1.0564 0000007D
1.0564 0000007D
1.0564 0000007D
1.0564 0000007C
1.0564 0000007C
1.0564 0000007C
1.0564 0000007D
1.0564 0000007D
1.0564 0000007D
1.0564 0000007B
1.0564 0000007B
1.0564 0000007B
1.0564 0000007D
1.0564 0000007D
1.0564 0000007D
1.0564 0000007D
1.0564 0000007D
1.0564 0000007D
1.0564 0000007D
1.0564 0000007D
1.0564 0000007D
1.0564 0000007B
1.0564 0000007B
1.0564 0000007B
1.0564 0000007D
1.0564 0000007D
1.0564 0000007D
1.0564 0000007B
1.0564 0000007B
1.0564 0000007B
1.0564 0000007B
1.0564 0000007B
1.0564 0000007B
1.0564 0000007D
1.0564 0000007D
1.0564 0000007D
1.0564 0000007D
1.0564 0000007D
1.0564 0000007D
1.0564 0000007B
1.0564 0000007B
1.0564 0000007B
1.0564 0000007B
1.0564 0000007B
1.0564 0000007B
1.0564 0000007B
1.0715999999999999 00000095
1.0715999999999999 00000095
1.0715999999999999 00000095
1.0715999999999999 00000095
1.0715999999999999 00000095
1.0715999999999999 00000095
1.0715999999999999 00000095
1.0715999999999999 00000095
1.0715999999999999 00000095
1.0715999999999999 00000095
1.0715999999999999 00000095
1.0715999999999999 00000095
1.0715999999999999 00000095
1.0715999999999999 00000095
1.0715999999999999 00000095
1.0715999999999999 00000095
1.0715999999999999 00000095
1.0715999999999999 00000095
1.0715999999999999 00000095
1.0715999999999999 00000095
1.0715999999999999 00000095
1.0715999999999999 00000095
1.0715999999999999 00000095
1.0715999999999999 00000095
1.0715999999999999 00000095
1.0715999999999999 00000095
1.0715999999999999 00000095
1.0715999999999999 00000095
1.0715999999999999 00000095
1.0715999999999999 00000095
1.0715999999999999 00000095
1.0715999999999999 00000095
1.0715999999999999 00000095
1.0715999999999999 00000095
1.0715999999999999 00000095
1.0715999999999999 00000095
1.0715999999999999 00000095
1.0715999999999999 00000095
1.0715999999999999 00000095
1.0715999999999999 00000095
1.0715999999999999 00000095
1.0715999999999999 00000095
1.0715999999999999 00000095
1.0715999999999999 00000095
1.0715999999999999 00000095
1.0715999999999999 00000095
1.0715999999999999 00000095
1.0715999999999999 00000095
1.0715999999999999 00000095
1.0715999999999999 00000095
1.0868 0000009F
1.0868 0000009F
1.0868 0000009F
1.0868 000000AD
1.0868 000000AD
1.0868 000000AD
1.0868 0000009E
1.0868 0000009E
1.0868 0000009E
1.0868 0000009E
1.0868 0000009E
1.0868 0000009E
1.0868 0000009F
1.0868 0000009F
1.0868 0000009F
1.0868 0000009F
1.0868 0000009F
1.0868 0000009F
1.0868 0000009E
1.0868 0000009E
1.0868 0000009E
1.0868 0000009E
1.0868 0000009E
1.0868 0000009E
1.0868 0000009F
1.0868 0000009F
1.0868 0000009F
1.0868 0000009E
1.0868 0000009E
1.0868 0000009E
1.0868 0000009E
1.0868 0000009E
1.0868 0000009E
1.0868 0000009E
1.0868 0000009E
1.0868 0000009E
1.0868 0000009E
1.0868 0000009E
1.0868 0000009E
1.0868 0000009F
1.0868 0000009F
1.0868 0000009F
1.0868 0000009F
1.0868 0000009F
1.0868 0000009F
1.0868 0000009E
1.0868 0000009E
1.0868 0000009E
1.0868 0000009E
1.0868 0000009E
1.1019999999999999 000000B7
1.1019999999999999 000000B7
1.1019999999999999 000000B7
1.1019999999999999 000000B7
1.1019999999999999 000000B7
1.1019999999999999 000000B7
1.1019999999999999 000000B7
1.1019999999999999 000000B6
1.1019999999999999 000000B6
1.1019999999999999 000000B7
1.1019999999999999 000000B7
1.1019999999999999 000000B7
1.1019999999999999 000000B7
1.1019999999999999 000000B7
1.1019999999999999 000000B7
1.1019999999999999 000000B7
1.1019999999999999 000000B7
1.1019999999999999 000000B7
1.1019999999999999 000000B7
1.1019999999999999 000000B7
1.1019999999999999 000000B7
1.1019999999999999 000000B7
1.1019999999999999 000000B7
1.1019999999999999 000000B7
1.1019999999999999 000000B7
1.1019999999999999 000000B7
1.1019999999999999 000000B7
1.1019999999999999 000000B7
1.1019999999999999 000000B7
1.1019999999999999 000000B7
1.1019999999999999 000000B7
1.1019999999999999 000000B7
1.1019999999999999 000000B7
1.1019999999999999 000000B7
1.1019999999999999 000000B7
1.1019999999999999 000000B7
1.1019999999999999 000000B7
1.1019999999999999 000000B7
1.1019999999999999 000000B7
1.1019999999999999 000000B7
1.1019999999999999 000000B7
1.1019999999999999 000000B7
1.1019999999999999 000000B7
1.1019999999999999 000000B7
1.1019999999999999 000000B7
1.1019999999999999 000000B7
1.1019999999999999 000000B7
1.1019999999999999 000000B7
1.1019999999999999 000000B7
1.1019999999999999 000000B7
1.1172 000000D0
1.1172 000000D0
1.1172 000000D0
1.1172 000000D0
1.1172 000000D0
1.1172 000000CF
1.1172 000000CF
1.1172 000000CF
1.1172 000000D0
1.1172 000000D0
1.1172 000000D0
1.1172 000000CF
1.1172 000000CF
1.1172 000000CF
1.1172 000000D0
1.1172 000000D0
1.1172 000000D0
1.1172 000000D1
1.1172 000000D1
1.1172 000000D1
1.1172 000000D0
1.1172 000000D0
1.1172 000000D0
1.1172 000000CF
1.1172 000000CF
1.1172 000000CF
1.1172 000000D0
1.1172 000000D0
1.1172 000000D0
1.1172 000000D0
1.1172 000000D0
1.1172 000000D0
1.1172 000000D1
1.1172 000000D1
1.1172 000000D1
1.1172 000000D0
1.1172 000000D0
1.1172 000000D0
1.1172 000000D0
1.1172 000000D0
1.1172 000000D0
1.1172 000000D0
1.1172 000000D0
1.1172 000000D0
1.1172 000000D0
1.1172 000000D0
1.1172 000000CF
1.1172 000000CF
1.1172 000000CF
1.1172 000000D0
1.1324 000000DA
1.1324 000000DA
1.1324 000000DA
1.1324 000000DA
1.1324 000000DA
1.1324 000000DA
1.1324 000000DA
1.1324 000000DA
1.1324 000000DA
1.1324 000000DA
1.1324 000000DA
1.1324 000000DA
1.1324 000000DA
1.1324 000000DA
1.1324 000000DA
1.1324 000000DA
1.1324 000000DA
1.1324 000000DA
1.1324 000000DA
1.1324 000000DA
1.1324 000000DA
1.1324 000000DA
1.1324 000000DA
1.1324 000000DA
1.1324 000000D9
1.1324 000000D9
1.1324 000000D9
1.1324 000000D9
1.1324 000000DA
1.1324 000000DA
1.1324 000000DA
1.1324 000000DA
1.1324 000000DA
1.1324 000000DA
1.1324 000000DA
1.1324 000000DA
1.1324 000000DA
1.1324 000000DA
1.1324 000000DA
1.1324 000000DA
1.1324 000000DA
1.1324 000000DA
1.1324 000000DA
1.1324 000000DA
1.1324 000000DA
1.1324 000000DA
1.1324 000000DA
1.1324 000000DA
1.1324 000000DA
1.1324 000000DA
1.1476 000000F2
1.1476 000000F2
1.1476 000000F2
1.1476 000000F3
1.1476 000000F3
1.1476 000000F3
1.1476 000000F2
1.1476 000000F2
1.1476 000000F2
1.1476 000000F2
1.1476 000000F2
1.1476 000000F2
1.1476 000000F2
1.1476 000000F2
1.1476 000000F2
1.1476 000000F2
1.1476 000000F2
1.1476 000000F2
1.1476 000000F2
1.1476 000000F2
1.1476 000000F2
1.1476 000000F2
1.1476 000000F2
1.1476 000000F2
1.1476 000000F2
1.1476 000000F2
1.1476 000000F2
1.1476 000000F2
1.1476 000000F2
1.1476 000000F2
1.1476 000000F2
1.1476 000000F2
1.1476 000000F2
1.1476 000000F2
1.1476 000000F2
1.1476 000000F2
1.1476 000000F2
1.1476 000000F2
1.1476 000000F2
1.1476 000000F2
1.1476 000000F2
1.1476 000000F2
1.1476 000000F2
1.1476 000000F2
1.1476 000000F2
1.1476 000000F2
1.1476 000000F2
1.1476 000000F2
1.1476 000000F2
1.1476 000000F2
1.1628 000000FC
1.1628 000000FC
1.1628 000000FC
1.1628 000000FB
1.1628 000000FB
1.1628 000000FB
1.1628 000000FB
1.1628 000000FB
1.1628 000000FB
1.1628 000000FB
1.1628 000000FB
1.1628 000000FB
1.1628 000000FC
1.1628 000000FC
1.1628 000000FC
1.1628 000000FC
1.1628 000000FC
1.1628 000000FB
1.1628 000000FB
1.1628 000000FB
1.1628 000000FC
1.1628 000000FC
1.1628 000000FC
1.1628 000000FD
1.1628 000000FD
1.1628 000000FD
1.1628 000000FC
1.1628 000000FC
1.1628 000000FC
1.1628 000000FB
1.1628 000000FB
1.1628 000000FB
1.1628 000000FC
1.1628 000000FC
1.1628 000000FC
1.1628 000000FC
1.1628 000000FD
1.1628 000000FD
1.1628 000000FD
1.1628 000000FC
1.1628 000000FC
1.1628 000000FC
1.1628 000000FB
1.1628 000000FB
1.1628 000000FB
1.1628 000000FC
1.1628 000000FC
1.1628 000000FC
1.1628 000000FC
1.1628 000000FC
1.178 00000115
1.178 00000115
1.178 00000115
1.178 00000115
1.178 00000115
1.178 00000115
1.178 00000115
1.178 00000115
1.178 00000115
1.178 00000115
1.178 00000115
1.178 00000115
1.178 00000115
1.178 00000115
1.178 00000115
1.178 00000115
1.178 00000115
1.178 00000115
1.178 00000115
1.178 00000115
1.178 00000115
1.178 00000115
1.178 00000115
1.178 00000115
1.178 00000115
1.178 00000115
1.178 00000115
1.178 00000115
1.178 00000115
1.178 00000115
1.178 00000115
1.178 00000115
1.178 00000115
1.178 00000115
1.178 00000115
1.178 00000115
1.178 00000115
1.178 00000115
1.178 00000115
1.178 00000115
1.178 00000115
1.178 00000115
1.178 00000115
1.178 00000115
1.178 00000115
1.178 00000115
1.178 00000115
1.178 00000115
1.178 00000115
1.178 00000115
1.1932 0000011F
1.1932 0000011F
1.1932 0000011F
1.1932 0000011F
1.1932 0000011F
1.1932 0000011E
1.1932 0000011E
1.1932 0000011E
1.1932 0000012D
1.1932 0000012D
1.1932 0000012D
1.1932 0000012D
1.1932 0000012D
1.1932 0000012D
1.1932 0000012D
1.1932 0000012D
1.1932 0000012D
1.1932 0000012D
1.1932 0000012D
1.1932 0000012D
1.1932 0000012D
1.1932 0000011F
1.1932 0000011F
1.1932 0000011F
1.1932 0000011F
1.1932 0000011F
1.1932 0000011F
1.1932 0000012D
1.1932 0000012D
1.1932 0000012D
1.1932 0000012D
1.1932 0000012D
1.1932 0000012D
1.1932 0000012D
1.1932 0000012D
1.1932 0000012D
1.1932 0000012D
1.1932 0000012D
1.1932 0000012D
1.1932 0000012D
1.1932 0000012D
1.1932 0000012D
1.1932 0000012D
1.1932 0000012D
1.1932 0000012D
1.1932 0000012D
1.1932 0000012D
1.1932 0000012D
1.1932 0000011F
1.1932 0000011F
1.2084 00000137
1.2084 00000137
1.2084 00000137
1.2084 00000137
1.2084 00000137
1.2084 00000137
1.2084 00000137
1.2084 00000137
1.2084 00000137
1.2084 00000137
1.2084 00000137
1.2084 00000137
1.2084 00000137
1.2084 00000137
1.2084 00000137
1.2084 00000137
1.2084 00000137
1.2084 00000137
1.2084 00000137
1.2084 00000137
1.2084 00000137
1.2084 00000137
1.2084 00000137
1.2084 00000137
1.2084 00000137
1.2084 00000137
1.2084 00000137
1.2084 00000137
1.2084 00000137
1.2084 00000137
1.2084 00000137
1.2084 00000137
1.2084 00000137
1.2084 00000137
1.2084 00000137
1.2084 00000137
1.2084 00000137
1.2084 00000137
1.2084 00000137
1.2084 00000137
1.2084 00000137
1.2084 00000137
1.2084 00000137
1.2084 00000137
1.2084 00000137
1.2084 00000137
1.2084 00000137
1.2084 00000137
1.2084 00000137
1.2084 00000137
1.2236 00000151
1.2236 00000151
1.2236 00000151
1.2236 00000151
1.2236 00000151
1.2236 00000151
1.2236 00000151
1.2236 00000150
1.2236 00000150
1.2236 00000150
1.2236 00000151
1.2236 00000151
1.2236 00000151
1.2236 00000151
1.2236 00000151
1.2236 00000151
1.2236 00000151
1.2236 00000151
1.2236 00000151
1.2236 00000151
1.2236 00000151
1.2236 00000151
1.2236 00000151
1.2236 00000151
1.2236 00000151
1.2236 00000151
1.2236 00000151
1.2236 00000151
1.2236 00000150
1.2236 00000150
1.2236 00000150
1.2236 00000150
1.2236 00000150
1.2236 00000150
1.2236 00000151
1.2236 00000151
1.2236 00000151
1.2236 00000151
1.2236 00000151
1.2236 00000151
1.2236 00000150
1.2236 00000150
1.2236 00000150
1.2236 00000151
1.2236 00000151
1.2236 00000151
1.2236 00000151
1.2236 00000151
1.2236 00000151
1.2236 00000151
1.2388 0000015A
1.2388 0000015A
1.2388 0000015A
1.2388 0000015A
1.2388 0000015A
1.2388 0000015A
1.2388 0000015A
1.2388 0000015A
1.2388 0000015B
1.2388 0000015B
1.2388 0000015B
1.2388 0000015A
1.2388 0000015A
1.2388 0000015A
1.2388 0000015A
1.2388 0000015A
1.2388 0000015A
1.2388 0000015B
1.2388 0000015B
1.2388 0000015B
1.2388 0000015B
1.2388 0000015B
1.2388 0000015B
1.2388 0000015A
1.2388 0000015A
1.2388 0000015A
1.2388 0000015A
1.2388 0000015A
1.2388 0000015A
1.2388 0000015A
1.2388 0000015A
1.2388 0000015A
1.2388 0000015A
1.2388 0000015A
1.2388 0000015A
1.2388 0000015A
1.2388 0000015A
1.2388 0000015A
1.2388 0000015A
1.2388 0000015A
1.2388 0000015A
1.2388 0000015A
1.2388 0000015A
1.2388 0000015A
1.2388 0000015B
1.2388 0000015B
1.2388 0000015B
1.2388 0000015A
1.2388 0000015A
1.2388 0000015A
1.254 00000173
1.254 00000173
1.254 00000173
1.254 00000173
1.254 00000173
1.254 00000173
1.254 00000173
1.254 00000173
1.254 00000173
1.254 00000173
1.254 00000173
1.254 00000173
1.254 00000173
1.254 00000173
1.254 00000173
1.254 00000173
1.254 00000173
1.254 00000173
1.254 00000172
1.254 00000172
1.254 00000172
1.254 00000173
1.254 00000173
1.254 00000173
1.254 00000173
1.254 00000173
1.254 00000173
1.254 00000173
1.254 00000173
1.254 00000173
1.254 00000173
1.254 00000173
1.254 00000173
1.254 00000173
1.254 00000173
1.254 00000173
1.254 00000173
1.254 00000173
1.254 00000173
1.254 00000173
1.254 00000173
1.254 00000173
1.254 00000173
1.254 00000173
1.254 00000173
1.254 00000173
1.254 00000173
1.254 00000173
1.254 00000173
1.254 00000173
1.2692 0000017D
1.2692 0000017D
1.2692 0000017D
1.2692 0000017D
1.2692 0000017D
1.2692 0000017D
1.2692 0000017D
1.2692 0000017D
1.2692 0000017D
1.2692 0000017D
1.2692 0000017D
1.2692 0000017D
1.2692 0000017D
1.2692 0000017D
1.2692 0000017D
1.2692 0000017D
1.2692 0000017D
1.2692 0000017D
1.2692 0000017D
1.2692 0000017D
1.2692 0000017D
1.2692 0000017D
1.2692 0000017D
1.2692 0000017D
1.2692 0000017D
1.2692 0000017D
1.2692 0000017D
1.2692 0000017D
1.2692 0000017D
1.2692 0000017D
1.2692 0000017D
1.2692 0000017D
1.2692 0000017D
1.2692 0000017D
1.2692 0000017D
1.2692 0000017D
1.2692 0000017D
1.2692 0000017D
1.2692 0000017D
1.2692 0000017D
1.2692 0000017D
1.2692 0000017D
1.2692 0000017D
1.2692 0000017D
1.2692 0000017D
1.2692 0000017D
1.2692 0000017D
1.2692 0000017D
1.2692 0000017D
1.2692 0000017D
1.2844 00000196
1.2844 00000196
1.2844 00000196
1.2844 00000196
1.2844 00000196
1.2844 00000195
1.2844 00000195
1.2844 00000195
1.2844 00000196
1.2844 00000196
1.2844 00000196
1.2844 00000196
1.2844 00000196
1.2844 00000196
1.2844 00000195
1.2844 00000195
1.2844 00000195
1.2844 00000196
1.2844 00000196
1.2844 00000196
1.2844 00000196
1.2844 00000196
1.2844 00000196
1.2844 00000196
1.2844 00000196
1.2844 00000196
1.2844 00000196
1.2844 00000196
1.2844 00000196
1.2844 00000196
1.2844 00000196
1.2844 00000196
1.2844 00000195
1.2844 00000195
1.2844 00000195
1.2844 00000196
1.2844 00000196
1.2844 00000196
1.2844 00000196
1.2844 00000196
1.2844 00000196
1.2844 00000196
1.2844 00000196
1.2844 00000196
1.2844 00000196
1.2844 00000196
1.2844 00000195
1.2844 00000195
1.2844 00000195
1.2844 00000196
1.2996 000001AE
1.2996 000001AE
1.2996 000001AE
1.2996 000001AE
1.2996 000001AE
1.2996 000001AE
1.2996 000001AE
1.2996 000001AE
1.2996 000001AF
1.2996 000001AF
1.2996 000001AF
1.2996 000001AE
1.2996 000001AE
1.2996 000001AE
1.2996 000001AE
1.2996 000001AE
1.2996 000001AE
1.2996 000001AE
1.2996 000001AE
1.2996 000001AE
1.2996 000001AE
1.2996 000001AE
1.2996 000001AE
1.2996 000001AF
1.2996 000001AF
1.2996 000001AF
1.2996 000001AE
1.2996 000001AE
1.2996 000001AE
1.2996 000001AE
1.2996 000001AE
1.2996 000001AE
1.2996 000001AF
1.2996 000001AF
1.2996 000001AF
1.2996 000001AE
1.2996 000001AE
1.2996 000001AE
1.2996 000001AE
1.2996 000001AE
1.2996 000001AE
1.2996 000001AE
1.2996 000001AE
1.2996 000001AE
1.2996 000001AE
1.2996 000001AE
1.2996 000001AE
1.2996 000001AE
1.2996 000001AE
1.2996 000001AE
1.3148 000001B9
1.3148 000001B9
1.3148 000001B9
1.3148 000001B9
1.3148 000001B9
1.3148 000001B9
1.3148 000001B9
1.3148 000001B9
1.3148 000001B9
1.3148 000001B9
1.3148 000001B9
1.3148 000001B9
1.3148 000001B9
1.3148 000001B9
1.3148 000001B9
1.3148 000001B7
1.3148 000001B7
1.3148 000001B7
1.3148 000001B9
1.3148 000001B9
1.3148 000001B9
1.3148 000001B9
1.3148 000001B9
1.3148 000001B9
1.3148 000001B8
1.3148 000001B8
1.3148 000001B8
1.3148 000001B9
1.3148 000001B9
1.3148 000001B9
1.3148 000001B9
1.3148 000001B9
1.3148 000001B9
1.3148 000001B9
1.3148 000001B9
1.3148 000001B9
1.3148 000001B9
1.3148 000001B9
1.3148 000001B9
1.3148 000001B9
1.3148 000001B9
1.3148 000001B9
1.3148 000001B9
1.3148 000001B9
1.3148 000001B9
1.3148 000001B9
1.3148 000001B9
1.3148 000001B9
1.3148 000001B9
1.3148 000001B9
1.33 000001D2
1.33 000001D2
1.33 000001D2
1.33 000001D2
1.33 000001D1
1.33 000001D1
1.33 000001D1
1.33 000001D1
1.33 000001D1
1.33 000001D1
1.33 000001D2
1.33 000001D2
1.33 000001D2
1.33 000001D2
1.33 000001D2
1.33 000001D2
1.33 000001D1
1.33 000001D1
1.33 000001D1
1.33 000001D2
1.33 000001D2
1.33 000001D2
1.33 000001D2
1.33 000001D2
1.33 000001D2
1.33 000001D2
1.33 000001D2
1.33 000001D2
1.33 000001D1
1.33 000001D1
1.33 000001D1
1.33 000001D2
1.33 000001D2
1.33 000001D2
1.33 000001D2
1.33 000001D2
1.33 000001D2
1.33 000001D2
1.33 000001D2
1.33 000001D2
1.33 000001D2
1.33 000001D2
1.33 000001D2
1.33 000001D2
1.33 000001D2
1.33 000001D2
1.33 000001D2
1.33 000001D2
1.33 000001D2
1.33 000001D2
1.3452 000001DB
1.3452 000001DB
1.3452 000001DB
1.3452 000001DB
1.3452 000001DB
1.3452 000001DB
1.3452 000001DB
1.3452 000001DB
1.3452 000001DB
1.3452 000001DB
1.3452 000001DB
1.3452 000001DB
1.3452 000001DB
1.3452 000001DB
1.3452 000001DC
1.3452 000001DC
1.3452 000001DC
1.3452 000001DB
1.3452 000001DB
1.3452 000001DB
1.3452 000001DB
1.3452 000001DB
1.3452 000001DB
1.3452 000001DB
1.3452 000001DB
1.3452 000001DB
1.3452 000001DC
1.3452 000001DC
1.3452 000001DC
1.3452 000001DB
1.3452 000001DB
1.3452 000001DB
1.3452 000001DB
1.3452 000001DB
1.3452 000001DB
1.3452 000001DB
1.3452 000001DB
1.3452 000001DB
1.3452 000001DB
1.3452 000001DB
1.3452 000001DB
1.3452 000001DB
1.3452 000001DB
1.3452 000001DB
1.3452 000001DC
1.3452 000001DC
1.3452 000001DC
1.3452 000001DB
1.3452 000001DB
1.3452 000001DB
1.3604 000001F4
1.3604 000001F4
1.3604 000001F4
1.3604 000001F4
1.3604 000001F4
1.3604 000001F4
1.3604 000001F4
1.3604 000001F5
1.3604 000001F5
1.3604 000001F5
1.3604 000001F4
1.3604 000001F4
1.3604 000001F4
1.3604 000001F5
1.3604 000001F5
1.3604 000001F5
1.3604 000001F4
1.3604 000001F4
1.3604 000001F4
1.3604 000001F4
1.3604 000001F4
1.3604 000001F4
1.3604 000001F5
1.3604 000001F5
1.3604 000001F5
1.3604 000001F4
1.3604 000001F4
1.3604 000001F4
1.3604 000001F5
1.3604 000001F5
1.3604 000001F5
1.3604 000001F4
1.3604 000001F4
1.3604 000001F4
1.3604 000001F4
1.3604 000001F4
1.3604 000001F4
1.3604 000001F4
1.3604 000001F4
1.3604 000001F4
1.3604 000001F4
1.3604 000001F4
1.3604 000001F4
1.3604 000001F5
1.3604 000001F5
1.3604 000001F4
1.3604 000001F4
1.3604 000001F4
1.3604 000001F5
1.3604 000001F5
1.3756 000001FE
1.3756 000001FE
1.3756 000001FE
1.3756 000001FE
1.3756 000001FE
1.3756 000001FE
1.3756 000001FE
1.3756 000001FE
1.3756 000001FE
1.3756 000001FE
1.3756 000001FE
1.3756 000001FE
1.3756 000001FE
1.3756 0000020D
1.3756 0000020D
1.3756 0000020D
1.3756 000001FE
1.3756 000001FE
1.3756 000001FE
1.3756 000001FE
1.3756 000001FE
1.3756 000001FE
1.3756 000001FE
1.3756 000001FE
1.3756 000001FE
1.3756 000001FE
1.3756 000001FE
1.3756 000001FE
1.3756 000001FE
1.3756 000001FE
1.3756 000001FE
1.3756 000001FE
1.3756 000001FE
1.3756 000001FE
1.3756 000001FE
1.3756 000001FE
1.3756 000001FE
1.3756 000001FE
1.3756 000001FE
1.3756 000001FE
1.3756 000001FE
1.3756 000001FE
1.3756 000001FE
1.3756 000001FE
1.3756 000001FE
1.3756 000001FE
1.3756 000001FE
1.3756 000001FE
1.3756 000001FE
1.3756 000001FF
1.3908 00000218
1.3908 00000218
1.3908 00000217
1.3908 00000217
1.3908 00000217
1.3908 00000218
1.3908 00000218
1.3908 00000218
1.3908 00000217
1.3908 00000217
1.3908 00000217
1.3908 00000217
1.3908 00000217
1.3908 00000219
1.3908 00000219
1.3908 00000219
1.3908 00000218
1.3908 00000218
1.3908 00000218
1.3908 00000217
1.3908 00000217
1.3908 00000217
1.3908 00000217
1.3908 00000217
1.3908 00000217
1.3908 00000217
1.3908 00000217
1.3908 00000217
1.3908 00000217
1.3908 00000217
1.3908 00000217
1.3908 00000217
1.3908 00000217
1.3908 00000217
1.3908 00000217
1.3908 00000217
1.3908 00000217
1.3908 00000218
1.3908 00000218
1.3908 00000217
1.3908 00000217
1.3908 00000217
1.3908 00000218
1.3908 00000218
1.3908 00000218
1.3908 00000217
1.3908 00000217
1.3908 00000217
1.3908 00000217
1.3908 00000217
1.4060000000000001 00000231
1.4060000000000001 00000231
1.4060000000000001 00000231
1.4060000000000001 00000231
1.4060000000000001 00000231
1.4060000000000001 00000231
1.4060000000000001 00000231
1.4060000000000001 00000231
1.4060000000000001 00000231
1.4060000000000001 00000231
1.4060000000000001 00000231
1.4060000000000001 00000231
1.4060000000000001 00000230
1.4060000000000001 00000230
1.4060000000000001 00000230
1.4060000000000001 00000231
1.4060000000000001 00000231
1.4060000000000001 00000231
1.4060000000000001 00000231
1.4060000000000001 00000231
1.4060000000000001 00000230
1.4060000000000001 00000230
1.4060000000000001 00000230
1.4060000000000001 00000231
1.4060000000000001 00000231
1.4060000000000001 00000231
1.4060000000000001 00000231
1.4060000000000001 00000231
1.4060000000000001 00000231
1.4060000000000001 00000231
1.4060000000000001 00000231
1.4060000000000001 00000231
1.4060000000000001 00000231
1.4060000000000001 00000231
1.4060000000000001 00000231
1.4060000000000001 00000231
1.4060000000000001 00000231
1.4060000000000001 00000231
1.4060000000000001 00000231
1.4060000000000001 00000231
1.4060000000000001 00000231
1.4060000000000001 00000231
1.4060000000000001 00000231
1.4060000000000001 00000231
1.4060000000000001 00000230
1.4060000000000001 00000231
1.4060000000000001 00000231
1.4060000000000001 00000231
1.4060000000000001 00000231
1.4060000000000001 00000231
1.4212 0000023B
1.4212 0000023B
1.4212 0000023B
1.4212 0000023B
1.4212 0000023B
1.4212 0000023A
1.4212 0000023A
1.4212 0000023A
1.4212 0000023A
1.4212 0000023A
1.4212 0000023B
1.4212 0000023B
1.4212 0000023A
1.4212 0000023A
1.4212 0000023A
1.4212 0000023A
1.4212 0000023A
1.4212 0000023A
1.4212 0000023A
1.4212 0000023A
1.4212 0000023B
1.4212 0000023B
1.4212 0000023B
1.4212 0000023B
1.4212 0000023B
1.4212 0000023B
1.4212 0000023B
1.4212 0000023B
1.4212 0000023B
1.4212 0000023B
1.4212 0000023B
1.4212 0000023A
1.4212 0000023A
1.4212 0000023A
1.4212 0000023A
1.4212 0000023A
1.4212 0000023A
1.4212 0000023A
1.4212 0000023B
1.4212 0000023B
1.4212 0000023B
1.4212 0000023A
1.4212 0000023A
1.4212 0000023A
1.4212 0000023B
1.4212 0000023B
1.4212 0000023B
1.4212 0000023B
1.4212 0000023B
1.4212 0000023B
1.4364 00000253
1.4364 00000253
1.4364 00000253
1.4364 00000253
1.4364 00000253
1.4364 00000253
1.4364 00000254
1.4364 00000254
1.4364 00000254
1.4364 00000254
1.4364 00000254
1.4364 00000254
1.4364 00000254
1.4364 00000254
1.4364 00000254
1.4364 00000254
1.4364 00000254
1.4364 00000254
1.4364 00000254
1.4364 00000254
1.4364 00000254
1.4364 00000253
1.4364 00000253
1.4364 00000253
1.4364 00000253
1.4364 00000253
1.4364 00000253
1.4364 00000253
1.4364 00000253
1.4364 00000253
1.4364 00000253
1.4364 00000253
1.4364 00000253
1.4364 00000254
1.4364 00000253
1.4364 00000253
1.4364 00000253
1.4364 00000254
1.4364 00000254
1.4364 00000254
1.4364 00000253
1.4364 00000253
1.4364 00000253
1.4364 00000254
1.4364 00000254
1.4364 00000254
1.4364 00000254
1.4364 00000254
1.4364 00000254
1.4364 00000253
1.4516 0000025D
1.4516 0000025D
1.4516 0000025D
1.4516 0000025D
1.4516 0000025D
1.4516 0000025D
1.4516 0000025D
1.4516 0000025D
1.4516 0000025D
1.4516 0000025D
1.4516 0000025E
1.4516 0000025E
1.4516 0000025E
1.4516 0000025D
1.4516 0000025D
1.4516 0000025D
1.4516 0000025E
1.4516 0000025E
1.4516 0000025E
1.4516 0000025D
1.4516 0000025D
1.4516 0000025D
1.4516 0000025D
1.4516 0000025D
1.4516 0000025D
1.4516 0000025E
1.4516 0000025E
1.4516 0000025E
1.4516 0000025D
1.4516 0000025D
1.4516 0000025D
1.4516 0000025D
1.4516 0000025D
1.4516 0000025D
1.4516 0000025D
1.4516 0000025D
1.4516 0000025D
1.4516 0000025D
1.4516 0000025D
1.4516 0000025D
1.4516 0000025D
1.4516 0000025D
1.4516 0000025E
1.4516 0000025E
1.4516 0000025E
1.4516 0000025E
1.4516 0000025E
1.4516 0000025E
1.4516 0000025D
1.4516 0000025D
1.4668 00000276
1.4668 00000276
1.4668 00000276
1.4668 00000276
1.4668 00000276
1.4668 00000276
1.4668 00000276
1.4668 00000276
1.4668 00000276
1.4668 00000276
1.4668 00000276
1.4668 00000276
1.4668 00000276
1.4668 00000275
1.4668 00000275
1.4668 00000276
1.4668 00000276
1.4668 00000276
1.4668 00000276
1.4668 00000276
1.4668 00000276
1.4668 00000276
1.4668 00000276
1.4668 00000276
1.4668 00000276
1.4668 00000276
1.4668 00000276
1.4668 00000276
1.4668 00000276
1.4668 00000276
1.4668 00000276
1.4668 00000276
1.4668 00000276
1.4668 00000276
1.4668 00000276
1.4668 00000276
1.4668 00000276
1.4668 00000276
1.4668 00000276
1.4668 00000276
1.4668 00000276
1.4668 00000276
1.4668 00000276
1.4668 00000276
1.4668 00000276
1.4668 00000276
1.4668 00000276
1.4668 00000276
1.4668 00000276
1.4668 00000276
1.4820000000000002 0000028E
1.4820000000000002 0000028E
1.4820000000000002 00000290
1.4820000000000002 00000290
1.4820000000000002 00000290
1.4820000000000002 0000028E
1.4820000000000002 0000028E
1.4820000000000002 0000028E
1.4820000000000002 0000028F
1.4820000000000002 0000028F
1.4820000000000002 0000028F
1.4820000000000002 0000028F
1.4820000000000002 0000028F
1.4820000000000002 0000028F
1.4820000000000002 0000028F
1.4820000000000002 0000028F
1.4820000000000002 0000028F
1.4820000000000002 0000028F
1.4820000000000002 0000028F
1.4820000000000002 0000028F
1.4820000000000002 0000028F
1.4820000000000002 0000028F
1.4820000000000002 0000028F
1.4820000000000002 0000028F
1.4820000000000002 0000028F
1.4820000000000002 0000028F
1.4820000000000002 0000028F
1.4820000000000002 0000028F
1.4820000000000002 0000028F
1.4820000000000002 0000028F
1.4820000000000002 0000028F
1.4820000000000002 0000028F
1.4820000000000002 0000028E
1.4820000000000002 0000028E
1.4820000000000002 0000028E
1.4820000000000002 0000028F
1.4820000000000002 0000028F
1.4820000000000002 0000028F
1.4820000000000002 0000028F
1.4820000000000002 0000028F
1.4820000000000002 0000028F
1.4820000000000002 0000028F
1.4820000000000002 0000028F
1.4820000000000002 0000028F
1.4820000000000002 0000028F
1.4820000000000002 0000028F
1.4820000000000002 0000028F
1.4820000000000002 0000028F
1.4820000000000002 0000028F
1.4820000000000002 0000028F
1.4971999999999999 0000029A
1.4971999999999999 0000029A
1.4971999999999999 0000029A
1.4971999999999999 00000299
1.4971999999999999 00000299
1.4971999999999999 00000299
1.4971999999999999 00000299
1.4971999999999999 00000299
1.4971999999999999 00000299
1.4971999999999999 00000299
1.4971999999999999 00000299
1.4971999999999999 00000299
1.4971999999999999 00000299
1.4971999999999999 00000299
1.4971999999999999 00000299
1.4971999999999999 00000299
1.4971999999999999 00000299
1.4971999999999999 00000299
1.4971999999999999 00000299
1.4971999999999999 00000299
1.4971999999999999 0000029A
1.4971999999999999 0000029A
1.4971999999999999 0000029A
1.4971999999999999 00000299
1.4971999999999999 00000299
1.4971999999999999 00000299
1.4971999999999999 00000299
1.4971999999999999 00000299
1.4971999999999999 00000299
1.4971999999999999 0000029A
1.4971999999999999 0000029A
1.4971999999999999 0000029A
1.4971999999999999 00000299
1.4971999999999999 00000299
1.4971999999999999 00000299
1.4971999999999999 00000299
1.4971999999999999 00000299
1.4971999999999999 00000299
1.4971999999999999 0000029A
1.4971999999999999 0000029A
1.4971999999999999 0000029A
1.4971999999999999 00000299
1.4971999999999999 00000299
1.4971999999999999 00000299
1.4971999999999999 00000299
1.4971999999999999 00000299
1.4971999999999999 00000299
1.4971999999999999 00000299
1.4971999999999999 00000299
1.4971999999999999 00000299
1.5124 000002B2
1.5124 000002B2
1.5124 000002B2
1.5124 000002B2
1.5124 000002B2
1.5124 000002B2
1.5124 000002B2
1.5124 000002B2
1.5124 000002B2
1.5124 000002B2
1.5124 000002B2
1.5124 000002B2
1.5124 000002B2
1.5124 000002B2
1.5124 000002B2
1.5124 000002B2
1.5124 000002B2
1.5124 000002B2
1.5124 000002B2
1.5124 000002B2
1.5124 000002B2
1.5124 000002B2
1.5124 000002B2
1.5124 000002B2
1.5124 000002B2
1.5124 000002B2
1.5124 000002B2
1.5124 000002B2
1.5124 000002B2
1.5124 000002B2
1.5124 000002B2
1.5124 000002B2
1.5124 000002B2
1.5124 000002B2
1.5124 000002B2
1.5124 000002B2
1.5124 000002B2
1.5124 000002B2
1.5124 000002B2
1.5124 000002B2
1.5124 000002B2
1.5124 000002B2
1.5124 000002B2
1.5124 000002B2
1.5124 000002B2
1.5124 000002B2
1.5124 000002B2
1.5124 000002B2
1.5124 000002B2
1.5124 000002B2
1.5276 000002BB
1.5276 000002BB
1.5276 000002BB
1.5276 000002BB
1.5276 000002BB
1.5276 000002BB
1.5276 000002BB
1.5276 000002BB
1.5276 000002BB
1.5276 000002BB
1.5276 000002BB
1.5276 000002BB
1.5276 000002BB
1.5276 000002BB
1.5276 000002BB
1.5276 000002BB
1.5276 000002BB
1.5276 000002BC
1.5276 000002BC
1.5276 000002BC
1.5276 000002BB
1.5276 000002BB
1.5276 000002BB
1.5276 000002BB
1.5276 000002BB
1.5276 000002BB
1.5276 000002BC
1.5276 000002BC
1.5276 000002BC
1.5276 000002BB
1.5276 000002BB
1.5276 000002BB
1.5276 000002BB
1.5276 000002BB
1.5276 000002BB
1.5276 000002BB
1.5276 000002BB
1.5276 000002BB
1.5276 000002BC
1.5276 000002BC
1.5276 000002BC
1.5276 000002BB
1.5276 000002BB
1.5276 000002BB
1.5276 000002BB
1.5276 000002BB
1.5276 000002BB
1.5276 000002BB
1.5276 000002BB
1.5276 000002BB
1.5428000000000002 000002D5
1.5428000000000002 000002D5
1.5428000000000002 000002D5
1.5428000000000002 000002D5
1.5428000000000002 000002D5
1.5428000000000002 000002D5
1.5428000000000002 000002D5
1.5428000000000002 000002D5
1.5428000000000002 000002D5
1.5428000000000002 000002D5
1.5428000000000002 000002D5
1.5428000000000002 000002D5
1.5428000000000002 000002D5
1.5428000000000002 000002D5
1.5428000000000002 000002D5
1.5428000000000002 000002D5
1.5428000000000002 000002D5
1.5428000000000002 000002D5
1.5428000000000002 000002D5
1.5428000000000002 000002D5
1.5428000000000002 000002D5
1.5428000000000002 000002D5
1.5428000000000002 000002D5
1.5428000000000002 000002D5
1.5428000000000002 000002D5
1.5428000000000002 000002D5
1.5428000000000002 000002D5
1.5428000000000002 000002D5
1.5428000000000002 000002D5
1.5428000000000002 000002D5
1.5428000000000002 000002D5
1.5428000000000002 000002D5
1.5428000000000002 000002D5
1.5428000000000002 000002D5
1.5428000000000002 000002D5
1.5428000000000002 000002D5
1.5428000000000002 000002D5
1.5428000000000002 000002D5
1.5428000000000002 000002D5
1.5428000000000002 000002D5
1.5428000000000002 000002D5
1.5428000000000002 000002D5
1.5428000000000002 000002D5
1.5428000000000002 000002D5
1.5428000000000002 000002D5
1.5428000000000002 000002D5
1.5428000000000002 000002D5
1.5428000000000002 000002D5
1.5428000000000002 000002D5
1.5428000000000002 000002D5
1.558 000002DF
1.558 000002DF
1.558 000002DF
1.558 000002DF
1.558 000002DF
1.558 000002DF
1.558 000002DF
1.558 000002DE
1.558 000002DE
1.558 000002DE
1.558 000002DE
1.558 000002DF
1.558 000002DF
1.558 000002DF
1.558 000002DF
1.558 000002DF
1.558 000002DF
1.558 000002DF
1.558 000002DF
1.558 000002DF
1.558 000002DE
1.558 000002DE
1.558 000002DE
1.558 000002DF
1.558 000002DF
1.558 000002DF
1.558 000002DE
1.558 000002DE
1.558 000002DE
1.558 000002DF
1.558 000002DF
1.558 000002DF
1.558 000002DF
1.558 000002DF
1.558 000002DF
1.558 000002DF
1.558 000002DF
1.558 000002DF
1.558 000002DF
1.558 000002DF
1.558 000002DF
1.558 000002DE
1.558 000002DE
1.558 000002DE
1.558 000002DE
1.558 000002DE
1.558 000002DE
1.558 000002DF
1.558 000002DF
1.558 000002DF
1.5732 000002F7
1.5732 000002F7
1.5732 000002F7
1.5732 000002F7
1.5732 000002F7
1.5732 000002F7
1.5732 000002F7
1.5732 000002F7
1.5732 000002F7
1.5732 000002F7
1.5732 000002F7
1.5732 000002F7
1.5732 000002F7
1.5732 000002F7
1.5732 000002F7
1.5732 000002F7
1.5732 000002F7
1.5732 000002F7
1.5732 000002F7
1.5732 000002F7
1.5732 000002F7
1.5732 000002F7
1.5732 000002F7
1.5732 000002F7
1.5732 000002F7
1.5732 000002F7
1.5732 000002F7
1.5732 000002F7
1.5732 000002F7
1.5732 000002F7
1.5732 000002F7
1.5732 000002F7
1.5732 000002F7
1.5732 000002F7
1.5732 000002F7
1.5732 000002F7
1.5732 000002F7
1.5732 000002F7
1.5732 000002F7
1.5732 000002F7
1.5732 000002F7
1.5732 000002F7
1.5732 000002F7
1.5732 000002F7
1.5732 000002F7
1.5732 000002F7
1.5732 000002F7
1.5732 000002F7
1.5732 000002F7
1.5732 000002F7
1.5884 00000311
1.5884 00000311
1.5884 00000310
1.5884 00000310
1.5884 00000310
1.5884 00000310
1.5884 00000310
1.5884 00000310
1.5884 00000311
1.5884 00000311
1.5884 00000311
1.5884 00000311
1.5884 00000311
1.5884 00000311
1.5884 00000311
1.5884 00000311
1.5884 00000310
1.5884 00000310
1.5884 00000310
1.5884 00000310
1.5884 00000310
1.5884 00000310
1.5884 00000310
1.5884 00000310
1.5884 00000310
1.5884 00000310
1.5884 00000310
1.5884 00000310
1.5884 00000311
1.5884 00000311
1.5884 00000311
1.5884 00000310
1.5884 00000310
1.5884 00000311
1.5884 00000311
1.5884 00000311
1.5884 00000311
1.5884 00000311
1.5884 00000311
1.5884 00000310
1.5884 00000310
1.5884 00000311
1.5884 00000311
1.5884 00000311
1.5884 00000311
1.5884 00000311
1.5884 00000311
1.5884 00000311
1.5884 00000311
1.5884 00000311
1.6036000000000001 0000031B
1.6036000000000001 0000031A
1.6036000000000001 0000031A
1.6036000000000001 0000031A
1.6036000000000001 0000031B
1.6036000000000001 0000031B
1.6036000000000001 0000031B
1.6036000000000001 0000031A
1.6036000000000001 0000031A
1.6036000000000001 0000031A
1.6036000000000001 0000031A
1.6036000000000001 0000031A
1.6036000000000001 0000031A
1.6036000000000001 0000031A
1.6036000000000001 0000031A
1.6036000000000001 0000031A
1.6036000000000001 0000031A
1.6036000000000001 0000031A
1.6036000000000001 0000031A
1.6036000000000001 0000031B
1.6036000000000001 0000031B
1.6036000000000001 0000031B
1.6036000000000001 0000031A
1.6036000000000001 0000031A
1.6036000000000001 0000031A
1.6036000000000001 0000031A
1.6036000000000001 0000031A
1.6036000000000001 0000031A
1.6036000000000001 0000031B
1.6036000000000001 0000031B
1.6036000000000001 0000031B
1.6036000000000001 0000031B
1.6036000000000001 0000031B
1.6036000000000001 0000031B
1.6036000000000001 0000031A
1.6036000000000001 0000031A
1.6036000000000001 0000031B
1.6036000000000001 0000031B
1.6036000000000001 0000031B
1.6036000000000001 0000031B
1.6036000000000001 0000031B
1.6036000000000001 0000031B
1.6036000000000001 0000031A
1.6036000000000001 0000031A
1.6036000000000001 0000031A
1.6036000000000001 0000031A
1.6036000000000001 0000031A
1.6036000000000001 0000031A
1.6036000000000001 0000031A
1.6036000000000001 0000031A
1.6188 00000333
1.6188 00000333
1.6188 00000333
1.6188 00000333
1.6188 00000333
1.6188 00000334
1.6188 00000334
1.6188 00000334
1.6188 00000333
1.6188 00000333
1.6188 00000333
1.6188 00000333
1.6188 00000333
1.6188 00000333
1.6188 00000333
1.6188 00000333
1.6188 00000333
1.6188 00000333
1.6188 00000333
1.6188 00000333
1.6188 00000334
1.6188 00000334
1.6188 00000334
1.6188 00000334
1.6188 00000334
1.6188 00000334
1.6188 00000334
1.6188 00000333
1.6188 00000333
1.6188 00000333
1.6188 00000334
1.6188 00000334
1.6188 00000334
1.6188 00000333
1.6188 00000333
1.6188 00000333
1.6188 00000333
1.6188 00000333
1.6188 00000333
1.6188 00000333
1.6188 00000333
1.6188 00000334
1.6188 00000334
1.6188 00000334
1.6188 00000333
1.6188 00000333
1.6188 00000333
1.6188 00000333
1.6188 00000333
1.6188 00000333
1.634 0000033D
1.634 0000033D
1.634 0000033D
1.634 0000033D
1.634 0000033D
1.634 0000033D
1.634 0000033D
1.634 0000033D
1.634 0000033D
1.634 0000033D
1.634 0000033D
1.634 0000033D
1.634 0000033D
1.634 0000033D
1.634 0000033D
1.634 0000033D
1.634 0000033D
1.634 0000033D
1.634 0000033D
1.634 0000033D
1.634 0000033D
1.634 0000033D
1.634 0000033D
1.634 0000033D
1.634 0000033D
1.634 0000033D
1.634 0000033D
1.634 0000033D
1.634 0000033D
1.634 0000033D
1.634 0000033D
1.634 0000033D
1.634 0000033D
1.634 0000033D
1.634 0000033D
1.634 0000033D
1.634 0000033D
1.634 0000033D
1.634 0000033D
1.634 0000033D
1.634 0000033D
1.634 0000033D
1.634 0000033D
1.634 0000033D
1.634 0000033D
1.634 0000033D
1.634 0000033D
1.634 0000033D
1.634 0000033D
1.634 0000033D
1.6492 00000356
1.6492 00000356
1.6492 00000356
1.6492 00000356
1.6492 00000356
1.6492 00000356
1.6492 00000356
1.6492 00000356
1.6492 00000356
1.6492 00000356
1.6492 00000356
1.6492 00000356
1.6492 00000356
1.6492 00000355
1.6492 00000355
1.6492 00000355
1.6492 00000356
1.6492 00000356
1.6492 00000356
1.6492 00000356
1.6492 00000356
1.6492 00000356
1.6492 00000356
1.6492 00000356
1.6492 00000356
1.6492 00000356
1.6492 00000356
1.6492 00000356
1.6492 00000356
1.6492 00000356
1.6492 00000356
1.6492 00000356
1.6492 00000356
1.6492 00000356
1.6492 00000356
1.6492 00000356
1.6492 00000356
1.6492 00000356
1.6492 00000356
1.6492 00000356
1.6492 00000356
1.6492 00000356
1.6492 00000356
1.6492 00000356
1.6492 00000356
1.6492 00000356
1.6492 00000356
1.6492 00000356
1.6492 00000356
1.6492 00000356
1.6644 0000036E
1.6644 0000036E
1.6644 0000036E
1.6644 0000036E
1.6644 0000036E
1.6644 0000036E
1.6644 0000036E
1.6644 0000036E
1.6644 0000036F
1.6644 0000036F
1.6644 0000036F
1.6644 0000036F
1.6644 0000036F
1.6644 0000036F
1.6644 0000036E
1.6644 0000036E
1.6644 0000036E
1.6644 0000036E
1.6644 0000036E
1.6644 0000036E
1.6644 0000036E
1.6644 0000036E
1.6644 0000036E
1.6644 0000036E
1.6644 0000036E
1.6644 0000036E
1.6644 0000036F
1.6644 0000036F
1.6644 0000036F
1.6644 0000036E
1.6644 0000036E
1.6644 0000036E
1.6644 0000036E
1.6644 0000036E
1.6644 0000036E
1.6644 0000036E
1.6644 0000036E
1.6644 0000036E
1.6644 0000036E
1.6644 0000036E
1.6644 0000036E
1.6644 0000036E
1.6644 0000036E
1.6644 0000036E
1.6644 0000036E
1.6644 0000036E
1.6644 0000036E
1.6644 0000036E
1.6644 0000036E
1.6644 0000036E
1.6796 00000379
1.6796 00000379
1.6796 00000379
1.6796 00000379
1.6796 00000379
1.6796 00000379
1.6796 00000379
1.6796 00000379
1.6796 00000379
1.6796 00000379
1.6796 00000379
1.6796 00000379
1.6796 00000379
1.6796 00000379
1.6796 00000379
1.6796 00000379
1.6796 00000379
1.6796 00000379
1.6796 00000379
1.6796 00000379
1.6796 00000379
1.6796 00000378
1.6796 00000378
1.6796 00000378
1.6796 00000379
1.6796 00000379
1.6796 00000379
1.6796 00000378
1.6796 00000378
1.6796 00000378
1.6796 00000379
1.6796 00000379
1.6796 00000379
1.6796 00000379
1.6796 00000379
1.6796 00000379
1.6796 00000379
1.6796 00000379
1.6796 00000379
1.6796 00000379
1.6796 00000379
1.6796 00000379
1.6796 00000379
1.6796 00000379
1.6796 00000379
1.6796 00000379
1.6796 00000379
1.6796 00000379
1.6796 00000379
1.6796 00000379
1.6948 00000391
1.6948 00000392
1.6948 00000392
1.6948 00000392
1.6948 00000392
1.6948 00000392
1.6948 00000392
1.6948 00000391
1.6948 00000391
1.6948 00000391
1.6948 00000392
1.6948 00000392
1.6948 00000392
1.6948 00000392
1.6948 00000392
1.6948 00000392
1.6948 00000392
1.6948 00000392
1.6948 00000392
1.6948 00000392
1.6948 00000392
1.6948 00000392
1.6948 00000391
1.6948 00000391
1.6948 00000391
1.6948 00000392
1.6948 00000392
1.6948 00000392
1.6948 00000391
1.6948 00000391
1.6948 00000391
1.6948 00000392
1.6948 00000392
1.6948 00000392
1.6948 00000392
1.6948 00000392
1.6948 00000392
1.6948 00000392
1.6948 00000392
1.6948 00000392
1.6948 00000391
1.6948 00000391
1.6948 00000391
1.6948 00000392
1.6948 00000392
1.6948 00000392
1.6948 00000392
1.6948 00000392
1.6948 00000392
1.6948 00000391
1.71 0000039B
1.71 0000039B
1.71 0000039B
1.71 0000039B
1.71 0000039B
1.71 0000039B
1.71 0000039B
1.71 0000039B
1.71 0000039B
1.71 0000039B
1.71 0000039B
1.71 0000039B
1.71 0000039B
1.71 0000039B
1.71 0000039B
1.71 0000039B
1.71 0000039B
1.71 0000039B
1.71 0000039B
1.71 0000039B
1.71 0000039B
1.71 0000039B
1.71 0000039B
1.71 0000039B
1.71 0000039B
1.71 0000039C
1.71 0000039C
1.71 0000039C
1.71 0000039B
1.71 0000039B
1.71 0000039B
1.71 0000039C
1.71 0000039C
1.71 0000039C
1.71 0000039C
1.71 0000039B
1.71 0000039B
1.71 0000039B
1.71 0000039B
1.71 0000039B
1.71 0000039B
1.71 0000039B
1.71 0000039B
1.71 0000039B
1.71 0000039B
1.71 0000039B
1.71 0000039B
1.71 0000039B
1.71 0000039B
1.71 0000039B
1.7252 000003B4
1.7252 000003B4
1.7252 000003B4
1.7252 000003B4
1.7252 000003B4
1.7252 000003B4
1.7252 000003B4
1.7252 000003B4
1.7252 000003B4
1.7252 000003B4
1.7252 000003B4
1.7252 000003B4
1.7252 000003B4
1.7252 000003B4
1.7252 000003B4
1.7252 000003B4
1.7252 000003B4
1.7252 000003B4
1.7252 000003B4
1.7252 000003B4
1.7252 000003B4
1.7252 000003B4
1.7252 000003B4
1.7252 000003B5
1.7252 000003B5
1.7252 000003B5
1.7252 000003B4
1.7252 000003B4
1.7252 000003B4
1.7252 000003B4
1.7252 000003B4
1.7252 000003B4
1.7252 000003B4
1.7252 000003B4
1.7252 000003B4
1.7252 000003B4
1.7252 000003B4
1.7252 000003B4
1.7252 000003B4
1.7252 000003B4
1.7252 000003B4
1.7252 000003B4
1.7252 000003B4
1.7252 000003B4
1.7252 000003B4
1.7252 000003B4
1.7252 000003B4
1.7252 000003B5
1.7252 000003B5
1.7252 000003B5
1.7404000000000002 000003BE
1.7404000000000002 000003BE
1.7404000000000002 000003BE
1.7404000000000002 000003BE
1.7404000000000002 000003BE
1.7404000000000002 000003BE
1.7404000000000002 000003BE
1.7404000000000002 000003BE
1.7404000000000002 000003BE
1.7404000000000002 000003BD
1.7404000000000002 000003BD
1.7404000000000002 000003BD
1.7404000000000002 000003BD
1.7404000000000002 000003BD
1.7404000000000002 000003BD
1.7404000000000002 000003BE
1.7404000000000002 000003BE
1.7404000000000002 000003BE
1.7404000000000002 000003BE
1.7404000000000002 000003BE
1.7404000000000002 000003BE
1.7404000000000002 000003BE
1.7404000000000002 000003BE
1.7404000000000002 000003BE
1.7404000000000002 000003BE
1.7404000000000002 000003BE
1.7404000000000002 000003BE
1.7404000000000002 000003BE
1.7404000000000002 000003BE
1.7404000000000002 000003BE
1.7404000000000002 000003BE
1.7404000000000002 000003BE
1.7404000000000002 000003BE
1.7404000000000002 000003BE
1.7404000000000002 000003BE
1.7404000000000002 000003BE
1.7404000000000002 000003BE
1.7404000000000002 000003BE
1.7404000000000002 000003BE
1.7404000000000002 000003BE
1.7404000000000002 000003BE
1.7404000000000002 000003BE
1.7404000000000002 000003BE
1.7404000000000002 000003BE
1.7404000000000002 000003BE
1.7404000000000002 000003BE
1.7404000000000002 000003BE
1.7404000000000002 000003BD
1.7404000000000002 000003BD
1.7404000000000002 000003BD
1.7556000000000003 000003D6
1.7556000000000003 000003D6
1.7556000000000003 000003D6
1.7556000000000003 000003D6
1.7556000000000003 000003D7
1.7556000000000003 000003D7
1.7556000000000003 000003D7
1.7556000000000003 000003D7
1.7556000000000003 000003D7
1.7556000000000003 000003D7
1.7556000000000003 000003D6
1.7556000000000003 000003D6
1.7556000000000003 000003D6
1.7556000000000003 000003D7
1.7556000000000003 000003D7
1.7556000000000003 000003D7
1.7556000000000003 000003D7
1.7556000000000003 000003D7
1.7556000000000003 000003D7
1.7556000000000003 000003D7
1.7556000000000003 000003D7
1.7556000000000003 000003D7
1.7556000000000003 000003D6
1.7556000000000003 000003D6
1.7556000000000003 000003D6
1.7556000000000003 000003D6
1.7556000000000003 000003D6
1.7556000000000003 000003D6
1.7556000000000003 000003D7
1.7556000000000003 000003D7
1.7556000000000003 000003D7
1.7556000000000003 000003D7
1.7556000000000003 000003D7
1.7556000000000003 000003D7
1.7556000000000003 000003D6
1.7556000000000003 000003D6
1.7556000000000003 000003D6
1.7556000000000003 000003D6
1.7556000000000003 000003D6
1.7556000000000003 000003D6
1.7556000000000003 000003D6
1.7556000000000003 000003D6
1.7556000000000003 000003D7
1.7556000000000003 000003D6
1.7556000000000003 000003D6
1.7556000000000003 000003D6
1.7556000000000003 000003D7
1.7556000000000003 000003D7
1.7556000000000003 000003D7
1.7556000000000003 000003D7
1.7708 000003EF
1.7708 000003EF
1.7708 000003EF
1.7708 000003EF
1.7708 000003EF
1.7708 000003EF
1.7708 000003EF
1.7708 000003EF
1.7708 000003EF
1.7708 000003EF
1.7708 000003EF
1.7708 000003EF
1.7708 000003EF
1.7708 000003EF
1.7708 000003EF
1.7708 000003EF
1.7708 000003EF
1.7708 000003EF
1.7708 000003EE
1.7708 000003EE
1.7708 000003EE
1.7708 000003EF
1.7708 000003EF
1.7708 000003EF
1.7708 000003EF
1.7708 000003EF
1.7708 000003EF
1.7708 000003EF
1.7708 000003EF
1.7708 000003EF
1.7708 000003EF
1.7708 000003EF
1.7708 000003EF
1.7708 000003EF
1.7708 000003EF
1.7708 000003EF
1.7708 000003EF
1.7708 000003EF
1.7708 000003EF
1.7708 000003EF
1.7708 000003EF
1.7708 000003EF
1.7708 000003EF
1.7708 000003EF
1.7708 000003EE
1.7708 000003EE
1.7708 000003EF
1.7708 000003EF
1.7708 000003EF
1.7708 000003EF
1.786 000003F9
1.786 000003F9
1.786 000003F9
1.786 000003F9
1.786 000003F9
1.786 000003F9
1.786 000003F9
1.786 000003F9
1.786 000003F9
1.786 000003F9
1.786 000003F9
1.786 000003F9
1.786 000003F9
1.786 000003F9
1.786 000003F9
1.786 000003F9
1.786 000003F9
1.786 000003FA
1.786 000003FA
1.786 000003FA
1.786 000003F9
1.786 000003F9
1.786 000003F9
1.786 000003F9
1.786 000003F9
1.786 000003F9
1.786 000003F9
1.786 000003F9
1.786 000003F9
1.786 000003F9
1.786 000003F9
1.786 000003F9
1.786 000003F9
1.786 000003F9
1.786 000003F9
1.786 000003F9
1.786 000003F9
1.786 000003F9
1.786 000003F9
1.786 000003F9
1.786 000003F9
1.786 000003F9
1.786 000003F9
1.786 000003FA
1.786 000003FA
1.786 000003FA
1.786 000003F9
1.786 000003F9
1.786 000003F9
1.786 000003F9
1.8012000000000001 00000450
1.8012000000000001 00000450
1.8012000000000001 00000450
1.8012000000000001 00000450
1.8012000000000001 00000450
1.8012000000000001 00000450
1.8012000000000001 00000450
1.8012000000000001 00000450
1.8012000000000001 00000451
1.8012000000000001 00000451
1.8012000000000001 00000451
1.8012000000000001 00000451
1.8012000000000001 00000451
1.8012000000000001 00000450
1.8012000000000001 00000450
1.8012000000000001 00000450
1.8012000000000001 00000450
1.8012000000000001 00000450
1.8012000000000001 00000450
1.8012000000000001 00000450
1.8012000000000001 00000450
1.8012000000000001 00000450
1.8012000000000001 00000450
1.8012000000000001 00000450
1.8012000000000001 00000450
1.8012000000000001 00000450
1.8012000000000001 00000450
1.8012000000000001 00000450
1.8012000000000001 00000450
1.8012000000000001 00000450
1.8012000000000001 00000450
1.8012000000000001 00000450
1.8012000000000001 00000450
1.8012000000000001 00000450
1.8012000000000001 00000450
1.8012000000000001 00000450
1.8012000000000001 00000450
1.8012000000000001 00000450
1.8012000000000001 00000450
1.8012000000000001 00000450
1.8012000000000001 00000450
1.8012000000000001 00000450
1.8012000000000001 00000450
1.8012000000000001 00000450
1.8012000000000001 00000450
1.8012000000000001 00000450
1.8012000000000001 00000450
1.8012000000000001 00000450
1.8012000000000001 00000450
1.8012000000000001 00000450
1.8164000000000002 0000045A
1.8164000000000002 0000045A
1.8164000000000002 0000045A
1.8164000000000002 0000045A
1.8164000000000002 0000045A
1.8164000000000002 0000045A
1.8164000000000002 0000045A
1.8164000000000002 0000045A
1.8164000000000002 0000045A
1.8164000000000002 0000045A
1.8164000000000002 0000045A
1.8164000000000002 0000045A
1.8164000000000002 0000045A
1.8164000000000002 0000045A
1.8164000000000002 0000045A
1.8164000000000002 0000045A
1.8164000000000002 0000045A
1.8164000000000002 0000045A
1.8164000000000002 0000045A
1.8164000000000002 0000045A
1.8164000000000002 0000045A
1.8164000000000002 0000045A
1.8164000000000002 0000045A
1.8164000000000002 0000045A
1.8164000000000002 0000045A
1.8164000000000002 0000045A
1.8164000000000002 0000045A
1.8164000000000002 0000045A
1.8164000000000002 0000045A
1.8164000000000002 0000045A
1.8164000000000002 0000045A
1.8164000000000002 0000045A
1.8164000000000002 0000045A
1.8164000000000002 0000045A
1.8164000000000002 0000045A
1.8164000000000002 0000045A
1.8164000000000002 0000045A
1.8164000000000002 0000045A
1.8164000000000002 0000045A
1.8164000000000002 0000045A
1.8164000000000002 0000045A
1.8164000000000002 0000045A
1.8164000000000002 0000045A
1.8164000000000002 0000045A
1.8164000000000002 0000045A
1.8164000000000002 0000045A
1.8164000000000002 0000045A
1.8164000000000002 0000045A
1.8164000000000002 0000045A
1.8164000000000002 0000045A
1.8316000000000001 00000472
1.8316000000000001 00000472
1.8316000000000001 00000472
1.8316000000000001 00000472
1.8316000000000001 00000472
1.8316000000000001 00000472
1.8316000000000001 00000472
1.8316000000000001 00000472
1.8316000000000001 00000472
1.8316000000000001 00000472
1.8316000000000001 00000472
1.8316000000000001 00000472
1.8316000000000001 00000472
1.8316000000000001 00000472
1.8316000000000001 00000472
1.8316000000000001 00000472
1.8316000000000001 00000472
1.8316000000000001 00000472
1.8316000000000001 00000472
1.8316000000000001 00000472
1.8316000000000001 00000472
1.8316000000000001 00000472
1.8316000000000001 00000472
1.8316000000000001 00000472
1.8316000000000001 00000472
1.8316000000000001 00000472
1.8316000000000001 00000472
1.8316000000000001 00000472
1.8316000000000001 00000472
1.8316000000000001 00000472
1.8316000000000001 00000472
1.8316000000000001 00000472
1.8316000000000001 00000472
1.8316000000000001 00000472
1.8316000000000001 00000472
1.8316000000000001 00000472
1.8316000000000001 00000472
1.8316000000000001 00000472
1.8316000000000001 00000472
1.8316000000000001 00000472
1.8316000000000001 00000472
1.8316000000000001 00000472
1.8316000000000001 00000472
1.8316000000000001 00000472
1.8316000000000001 00000472
1.8316000000000001 00000472
1.8316000000000001 00000472
1.8316000000000001 00000472
1.8316000000000001 00000472
1.8316000000000001 00000472
1.8468000000000002 0000047C
1.8468000000000002 0000047C
1.8468000000000002 0000047C
1.8468000000000002 0000047C
1.8468000000000002 0000047C
1.8468000000000002 0000047C
1.8468000000000002 0000047C
1.8468000000000002 0000047C
1.8468000000000002 0000047B
1.8468000000000002 0000047B
1.8468000000000002 0000047C
1.8468000000000002 0000047C
1.8468000000000002 0000047C
1.8468000000000002 0000047C
1.8468000000000002 0000047C
1.8468000000000002 0000047C
1.8468000000000002 0000047C
1.8468000000000002 0000047C
1.8468000000000002 0000047B
1.8468000000000002 0000047B
1.8468000000000002 0000047C
1.8468000000000002 0000047C
1.8468000000000002 0000047C
1.8468000000000002 0000047C
1.8468000000000002 0000047C
1.8468000000000002 0000047C
1.8468000000000002 0000047C
1.8468000000000002 0000047C
1.8468000000000002 0000047C
1.8468000000000002 0000047C
1.8468000000000002 0000047C
1.8468000000000002 0000047B
1.8468000000000002 0000047B
1.8468000000000002 0000047C
1.8468000000000002 0000047C
1.8468000000000002 0000047C
1.8468000000000002 0000047C
1.8468000000000002 0000047C
1.8468000000000002 0000047C
1.8468000000000002 0000047B
1.8468000000000002 0000047B
1.8468000000000002 0000047B
1.8468000000000002 0000047C
1.8468000000000002 0000047C
1.8468000000000002 0000047C
1.8468000000000002 0000047C
1.8468000000000002 0000047C
1.8468000000000002 0000047C
1.8468000000000002 0000047C
1.8468000000000002 0000047C
1.862 00000495
1.862 00000495
1.862 00000495
1.862 00000495
1.862 00000495
1.862 00000495
1.862 00000495
1.862 00000495
1.862 00000495
1.862 00000495
1.862 00000495
1.862 00000495
1.862 00000494
1.862 00000494
1.862 00000494
1.862 00000495
1.862 00000495
1.862 00000495
1.862 00000495
1.862 00000495
1.862 00000495
1.862 00000494
1.862 00000494
1.862 00000494
1.862 00000495
1.862 00000494
1.862 00000494
1.862 00000494
1.862 00000494
1.862 00000494
1.862 00000494
1.862 00000494
1.862 00000495
1.862 00000495
1.862 00000495
1.862 00000495
1.862 00000495
1.862 00000495
1.862 00000494
1.862 00000494
1.862 00000494
1.862 00000495
1.862 00000495
1.862 00000495
1.862 00000495
1.862 00000495
1.862 00000495
1.862 00000495
1.862 00000495
1.862 00000495
1.8772000000000002 0000049E
1.8772000000000002 0000049E
1.8772000000000002 0000049F
1.8772000000000002 0000049F
1.8772000000000002 0000049F
1.8772000000000002 0000049E
1.8772000000000002 0000049E
1.8772000000000002 0000049E
1.8772000000000002 0000049E
1.8772000000000002 0000049E
1.8772000000000002 0000049E
1.8772000000000002 0000049E
1.8772000000000002 0000049E
1.8772000000000002 0000049E
1.8772000000000002 0000049E
1.8772000000000002 0000049E
1.8772000000000002 0000049E
1.8772000000000002 0000049E
1.8772000000000002 0000049E
1.8772000000000002 0000049E
1.8772000000000002 0000049E
1.8772000000000002 0000049E
1.8772000000000002 0000049F
1.8772000000000002 0000049F
1.8772000000000002 0000049F
1.8772000000000002 0000049E
1.8772000000000002 0000049E
1.8772000000000002 0000049E
1.8772000000000002 0000049E
1.8772000000000002 0000049E
1.8772000000000002 0000049E
1.8772000000000002 0000049E
1.8772000000000002 0000049E
1.8772000000000002 0000049E
1.8772000000000002 0000049E
1.8772000000000002 0000049E
1.8772000000000002 0000049F
1.8772000000000002 0000049F
1.8772000000000002 0000049E
1.8772000000000002 0000049E
1.8772000000000002 0000049E
1.8772000000000002 0000049E
1.8772000000000002 0000049E
1.8772000000000002 0000049E
1.8772000000000002 0000049E
1.8772000000000002 0000049E
1.8772000000000002 0000049E
1.8772000000000002 0000049E
1.8772000000000002 0000049E
1.8772000000000002 0000049E
1.8924 000004B6
1.8924 000004B6
1.8924 000004B6
1.8924 000004B6
1.8924 000004B6
1.8924 000004B6
1.8924 000004B6
1.8924 000004B6
1.8924 000004B6
1.8924 000004B6
1.8924 000004B6
1.8924 000004B6
1.8924 000004B6
1.8924 000004B6
1.8924 000004B6
1.8924 000004B6
1.8924 000004B6
1.8924 000004B7
1.8924 000004B7
1.8924 000004B7
1.8924 000004B6
1.8924 000004B6
1.8924 000004B6
1.8924 000004B6
1.8924 000004B6
1.8924 000004B6
1.8924 000004B6
1.8924 000004B6
1.8924 000004B6
1.8924 000004B6
1.8924 000004B6
1.8924 000004B6
1.8924 000004B6
1.8924 000004B6
1.8924 000004B6
1.8924 000004B6
1.8924 000004B6
1.8924 000004B6
1.8924 000004B6
1.8924 000004B6
1.8924 000004B6
1.8924 000004B6
1.8924 000004B6
1.8924 000004B6
1.8924 000004B6
1.8924 000004B6
1.8924 000004B7
1.8924 000004B7
1.8924 000004B7
1.8924 000004B6
1.9076000000000002 000004CF
1.9076000000000002 000004CF
1.9076000000000002 000004CF
1.9076000000000002 000004CF
1.9076000000000002 000004CF
1.9076000000000002 000004CF
1.9076000000000002 000004CE
1.9076000000000002 000004CE
1.9076000000000002 000004CF
1.9076000000000002 000004CF
1.9076000000000002 000004CF
1.9076000000000002 000004CF
1.9076000000000002 000004CF
1.9076000000000002 000004CF
1.9076000000000002 000004CF
1.9076000000000002 000004CF
1.9076000000000002 000004CF
1.9076000000000002 000004CF
1.9076000000000002 000004CF
1.9076000000000002 000004CF
1.9076000000000002 000004CF
1.9076000000000002 000004CF
1.9076000000000002 000004D0
1.9076000000000002 000004D0
1.9076000000000002 000004D0
1.9076000000000002 000004CF
1.9076000000000002 000004CF
1.9076000000000002 000004CF
1.9076000000000002 000004CF
1.9076000000000002 000004CF
1.9076000000000002 000004CF
1.9076000000000002 000004CF
1.9076000000000002 000004CF
1.9076000000000002 000004CF
1.9076000000000002 000004CF
1.9076000000000002 000004CF
1.9076000000000002 000004CF
1.9076000000000002 000004CE
1.9076000000000002 000004CE
1.9076000000000002 000004CF
1.9076000000000002 000004CF
1.9076000000000002 000004D0
1.9076000000000002 000004BF
1.9076000000000002 000004BF
1.9076000000000002 000004D0
1.9076000000000002 000004D0
1.9076000000000002 000004D0
1.9076000000000002 000004D0
1.9076000000000002 000004D0
1.9076000000000002 000004CE
1.9228 000004D9
1.9228 000004D9
1.9228 000004D9
1.9228 000004D9
1.9228 000004D9
1.9228 000004D9
1.9228 000004D9
1.9228 000004D9
1.9228 000004D9
1.9228 000004D9
1.9228 000004D9
1.9228 000004D9
1.9228 000004D9
1.9228 000004D9
1.9228 000004D9
1.9228 000004D9
1.9228 000004D9
1.9228 000004D9
1.9228 000004D9
1.9228 000004D9
1.9228 000004D9
1.9228 000004D9
1.9228 000004D9
1.9228 000004D9
1.9228 000004D9
1.9228 000004D9
1.9228 000004D9
1.9228 000004D9
1.9228 000004D9
1.9228 000004D9
1.9228 000004D9
1.9228 000004D9
1.9228 000004D9
1.9228 000004D9
1.9228 000004D9
1.9228 000004D9
1.9228 000004D9
1.9228 000004D9
1.9228 000004D9
1.9228 000004D9
1.9228 000004D9
1.9228 000004D9
1.9228 000004D9
1.9228 000004D9
1.9228 000004D9
1.9228 000004D9
1.9228 000004D9
1.9228 000004D9
1.9228 000004D9
1.9228 000004D9
1.9380000000000002 000004F1
1.9380000000000002 000004F1
1.9380000000000002 000004F1
1.9380000000000002 000004F1
1.9380000000000002 000004F1
1.9380000000000002 000004F1
1.9380000000000002 000004F1
1.9380000000000002 000004F1
1.9380000000000002 000004F1
1.9380000000000002 000004F1
1.9380000000000002 000004F1
1.9380000000000002 000004F1
1.9380000000000002 000004F1
1.9380000000000002 000004F2
1.9380000000000002 000004F2
1.9380000000000002 000004F2
1.9380000000000002 000004F2
1.9380000000000002 000004F2
1.9380000000000002 000004F2
1.9380000000000002 000004F1
1.9380000000000002 000004F1
1.9380000000000002 000004F1
1.9380000000000002 000004F1
1.9380000000000002 000004F1
1.9380000000000002 000004F1
1.9380000000000002 000004F1
1.9380000000000002 000004F1
1.9380000000000002 000004F1
1.9380000000000002 000004F1
1.9380000000000002 000004F1
1.9380000000000002 000004F0
1.9380000000000002 000004F0
1.9380000000000002 000004F1
1.9380000000000002 000004F1
1.9380000000000002 000004F1
1.9380000000000002 000004F1
1.9380000000000002 000004F1
1.9380000000000002 000004F1
1.9380000000000002 000004F1
1.9380000000000002 000004F1
1.9380000000000002 000004F1
1.9380000000000002 000004F1
1.9380000000000002 000004F1
1.9380000000000002 000004F1
1.9380000000000002 000004F1
1.9380000000000002 000004F1
1.9380000000000002 000004F1
1.9380000000000002 000004F1
1.9380000000000002 000004F1
1.9380000000000002 000004F1
1.9532000000000003 000004FB
1.9532000000000003 000004FB
1.9532000000000003 000004FB
1.9532000000000003 000004FA
1.9532000000000003 000004FA
1.9532000000000003 000004FB
1.9532000000000003 000004FB
1.9532000000000003 000004FB
1.9532000000000003 000004FA
1.9532000000000003 000004FA
1.9532000000000003 000004FA
1.9532000000000003 000004FB
1.9532000000000003 000004FB
1.9532000000000003 000004FB
1.9532000000000003 000004FB
1.9532000000000003 000004FB
1.9532000000000003 000004FB
1.9532000000000003 000004FB
1.9532000000000003 000004FB
1.9532000000000003 000004FB
1.9532000000000003 000004FB
1.9532000000000003 000004FB
1.9532000000000003 000004FB
1.9532000000000003 000004FB
1.9532000000000003 000004FB
1.9532000000000003 000004FA
1.9532000000000003 000004FA
1.9532000000000003 000004FA
1.9532000000000003 000004FB
1.9532000000000003 000004FB
1.9532000000000003 000004FB
1.9532000000000003 000004FB
1.9532000000000003 000004FB
1.9532000000000003 000004FB
1.9532000000000003 000004FB
1.9532000000000003 000004FB
1.9532000000000003 000004FB
1.9532000000000003 000004FB
1.9532000000000003 000004FB
1.9532000000000003 000004FB
1.9532000000000003 000004FB
1.9532000000000003 000004FB
1.9532000000000003 000004FB
1.9532000000000003 000004FB
1.9532000000000003 000004FA
1.9532000000000003 000004FA
1.9532000000000003 000004FA
1.9532000000000003 000004FA
1.9532000000000003 000004FA
1.9532000000000003 000004FA
1.9684000000000001 00000514
1.9684000000000001 00000514
1.9684000000000001 00000514
1.9684000000000001 00000514
1.9684000000000001 00000514
1.9684000000000001 00000514
1.9684000000000001 00000514
1.9684000000000001 00000514
1.9684000000000001 00000514
1.9684000000000001 00000514
1.9684000000000001 00000514
1.9684000000000001 00000514
1.9684000000000001 00000514
1.9684000000000001 00000514
1.9684000000000001 00000513
1.9684000000000001 00000513
1.9684000000000001 00000513
1.9684000000000001 00000514
1.9684000000000001 00000514
1.9684000000000001 00000514
1.9684000000000001 00000514
1.9684000000000001 00000514
1.9684000000000001 00000514
1.9684000000000001 00000514
1.9684000000000001 00000514
1.9684000000000001 00000514
1.9684000000000001 00000513
1.9684000000000001 00000513
1.9684000000000001 00000513
1.9684000000000001 00000514
1.9684000000000001 00000514
1.9684000000000001 00000514
1.9684000000000001 00000514
1.9684000000000001 00000514
1.9684000000000001 00000513
1.9684000000000001 00000513
1.9684000000000001 00000513
1.9684000000000001 00000514
1.9684000000000001 00000514
1.9684000000000001 00000514
1.9684000000000001 00000514
1.9684000000000001 00000514
1.9684000000000001 00000514
1.9684000000000001 00000514
1.9684000000000001 00000514
1.9684000000000001 00000514
1.9684000000000001 00000513
1.9684000000000001 00000513
1.9684000000000001 00000513
1.9684000000000001 00000513
1.9836 0000051D
1.9836 0000051D
1.9836 0000051D
1.9836 0000051D
1.9836 0000051D
1.9836 0000051D
1.9836 0000051D
1.9836 0000051D
1.9836 0000051D
1.9836 0000051D
1.9836 0000051D
1.9836 0000051D
1.9836 0000051D
1.9836 0000051D
1.9836 0000051D
1.9836 0000051D
1.9836 0000051D
1.9836 0000051D
1.9836 0000051D
1.9836 0000051D
1.9836 0000051D
1.9836 0000051D
1.9836 0000051D
1.9836 0000051D
1.9836 0000051D
1.9836 0000051D
1.9836 0000051D
1.9836 0000051D
1.9836 0000051D
1.9836 0000051D
1.9836 0000051D
1.9836 0000051D
1.9836 0000051D
1.9836 0000051D
1.9836 0000051D
1.9836 0000051D
1.9836 0000051D
1.9836 0000051D
1.9836 0000051D
1.9836 0000051D
1.9836 0000051D
1.9836 0000051D
1.9836 0000051D
1.9836 0000051D
1.9836 0000051D
1.9836 0000051D
1.9836 0000051D
1.9836 0000051D
1.9836 0000051D
1.9836 0000051D
1.9988000000000001 00000535
1.9988000000000001 00000535
1.9988000000000001 00000535
1.9988000000000001 00000535
1.9988000000000001 00000535
1.9988000000000001 00000535
1.9988000000000001 00000535
1.9988000000000001 00000535
1.9988000000000001 00000535
1.9988000000000001 00000535
1.9988000000000001 00000535
1.9988000000000001 00000535
1.9988000000000001 00000535
1.9988000000000001 00000535
1.9988000000000001 00000535
1.9988000000000001 00000535
1.9988000000000001 00000535
1.9988000000000001 00000535
1.9988000000000001 00000535
1.9988000000000001 00000535
1.9988000000000001 00000535
1.9988000000000001 00000535
1.9988000000000001 00000535
1.9988000000000001 00000535
1.9988000000000001 00000535
1.9988000000000001 00000535
1.9988000000000001 00000535
1.9988000000000001 00000535
1.9988000000000001 00000535
1.9988000000000001 00000535
1.9988000000000001 00000535
1.9988000000000001 00000535
1.9988000000000001 00000535
1.9988000000000001 00000535
1.9988000000000001 00000535
1.9988000000000001 00000535
1.9988000000000001 00000535
1.9988000000000001 00000535
1.9988000000000001 00000535
1.9988000000000001 00000534
1.9988000000000001 00000534
1.9988000000000001 00000534
1.9988000000000001 00000535
1.9988000000000001 00000535
1.9988000000000001 00000535
1.9988000000000001 00000535
1.9988000000000001 00000535
1.9988000000000001 00000535
1.9988000000000001 00000535
1.9988000000000001 00000535
2.0140000000000002 0000053F
2.0140000000000002 0000053E
2.0140000000000002 0000053E
2.0140000000000002 0000053E
2.0140000000000002 0000053E
2.0140000000000002 0000053E
2.0140000000000002 0000053E
2.0140000000000002 0000053F
2.0140000000000002 0000053F
2.0140000000000002 0000053F
2.0140000000000002 0000053F
2.0140000000000002 0000053F
2.0140000000000002 0000053F
2.0140000000000002 0000053F
2.0140000000000002 0000053F
2.0140000000000002 0000053F
2.0140000000000002 0000053E
2.0140000000000002 0000053E
2.0140000000000002 0000053E
2.0140000000000002 0000053F
2.0140000000000002 0000053F
2.0140000000000002 0000053F
2.0140000000000002 0000053E
2.0140000000000002 0000053E
2.0140000000000002 0000053E
2.0140000000000002 0000053E
2.0140000000000002 0000053E
2.0140000000000002 0000053E
2.0140000000000002 0000053E
2.0140000000000002 0000053E
2.0140000000000002 0000053E
2.0140000000000002 0000053E
2.0140000000000002 0000053E
2.0140000000000002 0000053E
2.0140000000000002 0000053E
2.0140000000000002 0000053E
2.0140000000000002 0000053E
2.0140000000000002 0000053E
2.0140000000000002 0000053E
2.0140000000000002 0000053E
2.0140000000000002 0000053F
2.0140000000000002 0000053F
2.0140000000000002 0000053F
2.0140000000000002 0000053E
2.0140000000000002 0000053E
2.0140000000000002 0000053E
2.0140000000000002 0000053F
2.0140000000000002 0000053F
2.0140000000000002 0000053F
2.0140000000000002 0000053E
2.0292000000000003 00000557
2.0292000000000003 00000557
2.0292000000000003 00000557
2.0292000000000003 00000556
2.0292000000000003 00000556
2.0292000000000003 00000557
2.0292000000000003 00000557
2.0292000000000003 00000557
2.0292000000000003 00000557
2.0292000000000003 00000557
2.0292000000000003 00000557
2.0292000000000003 00000557
2.0292000000000003 00000557
2.0292000000000003 00000557
2.0292000000000003 00000557
2.0292000000000003 00000557
2.0292000000000003 00000557
2.0292000000000003 00000557
2.0292000000000003 00000558
2.0292000000000003 00000558
2.0292000000000003 00000557
2.0292000000000003 00000557
2.0292000000000003 00000557
2.0292000000000003 00000557
2.0292000000000003 00000557
2.0292000000000003 00000557
2.0292000000000003 00000557
2.0292000000000003 00000557
2.0292000000000003 00000557
2.0292000000000003 00000557
2.0292000000000003 00000557
2.0292000000000003 00000557
2.0292000000000003 00000557
2.0292000000000003 00000556
2.0292000000000003 00000556
2.0292000000000003 00000556
2.0292000000000003 00000557
2.0292000000000003 00000557
2.0292000000000003 00000557
2.0292000000000003 00000557
2.0292000000000003 00000557
2.0292000000000003 00000557
2.0292000000000003 00000557
2.0292000000000003 00000557
2.0292000000000003 00000557
2.0292000000000003 00000557
2.0292000000000003 00000557
2.0292000000000003 00000557
2.0292000000000003 00000558
2.0292000000000003 00000558
2.0444 0000056F
2.0444 0000056F
2.0444 0000056F
2.0444 0000056F
2.0444 0000056F
2.0444 0000056F
2.0444 0000056F
2.0444 0000056F
2.0444 0000056F
2.0444 0000056F
2.0444 0000056F
2.0444 0000056F
2.0444 0000056F
2.0444 0000056F
2.0444 0000056F
2.0444 0000056F
2.0444 0000056F
2.0444 0000056F
2.0444 0000056F
2.0444 0000056F
2.0444 0000056F
2.0444 0000056F
2.0444 0000056F
2.0444 0000056F
2.0444 0000056F
2.0444 0000056F
2.0444 0000056F
2.0444 0000056F
2.0444 0000056F
2.0444 0000056E
2.0444 0000056E
2.0444 0000056F
2.0444 0000056F
2.0444 0000056F
2.0444 0000056F
2.0444 0000056F
2.0444 0000056F
2.0444 0000056F
2.0444 0000056F
2.0444 0000056F
2.0444 0000056F
2.0444 0000056F
2.0444 0000056F
2.0444 0000056F
2.0444 0000056F
2.0444 0000056F
2.0444 0000056F
2.0444 0000056E
2.0444 0000056E
2.0444 0000056F
2.0596 00000579
2.0596 00000578
2.0596 00000578
2.0596 00000579
2.0596 00000579
2.0596 00000579
2.0596 00000579
2.0596 00000579
2.0596 00000579
2.0596 00000579
2.0596 00000579
2.0596 00000579
2.0596 00000579
2.0596 00000579
2.0596 00000579
2.0596 00000579
2.0596 00000579
2.0596 00000578
2.0596 00000578
2.0596 00000578
2.0596 00000579
2.0596 00000579
2.0596 00000579
2.0596 00000579
2.0596 00000579
2.0596 00000579
2.0596 00000578
2.0596 00000578
2.0596 00000579
2.0596 00000579
2.0596 00000579
2.0596 00000578
2.0596 00000578
2.0596 00000578
2.0596 00000579
2.0596 00000579
2.0596 00000579
2.0596 00000579
2.0596 00000579
2.0596 00000579
2.0596 00000579
2.0596 00000579
2.0596 00000579
2.0596 00000578
2.0596 00000578
2.0596 00000578
2.0596 00000579
2.0596 00000579
2.0596 00000579
2.0596 00000579
2.0748 00000591
2.0748 00000591
2.0748 00000591
2.0748 00000591
2.0748 00000591
2.0748 00000591
2.0748 00000591
2.0748 00000591
2.0748 00000591
2.0748 00000591
2.0748 00000591
2.0748 00000591
2.0748 00000591
2.0748 00000591
2.0748 00000591
2.0748 00000591
2.0748 00000591
2.0748 00000591
2.0748 00000591
2.0748 00000591
2.0748 00000591
2.0748 00000591
2.0748 00000591
2.0748 00000591
2.0748 00000591
2.0748 00000591
2.0748 00000591
2.0748 00000590
2.0748 00000590
2.0748 00000590
2.0748 00000591
2.0748 00000591
2.0748 00000591
2.0748 00000591
2.0748 00000591
2.0748 00000591
2.0748 00000591
2.0748 00000591
2.0748 00000591
2.0748 00000591
2.0748 00000591
2.0748 00000591
2.0748 00000591
2.0748 00000591
2.0748 00000591
2.0748 00000590
2.0748 00000590
2.0748 00000591
2.0748 00000591
2.0748 00000591
2.09 0000059A
2.09 0000059A
2.09 0000059A
2.09 0000059A
2.09 0000059A
2.09 0000059A
2.09 0000059A
2.09 0000059A
2.09 0000059A
2.09 0000059A
2.09 0000059A
2.09 0000059A
2.09 0000059A
2.09 0000059A
2.09 0000059A
2.09 0000059A
2.09 0000059A
2.09 0000059A
2.09 0000059A
2.09 0000059A
2.09 0000059A
2.09 0000059A
2.09 0000059A
2.09 0000059A
2.09 0000059A
2.09 0000059A
2.09 0000059A
2.09 0000059A
2.09 0000059A
2.09 0000059A
2.09 0000059A
2.09 0000059A
2.09 0000059A
2.09 0000059A
2.09 0000059A
2.09 0000059A
2.09 0000059A
2.09 0000059A
2.09 0000059A
2.09 0000059A
2.09 0000059A
2.09 0000059A
2.09 0000059A
2.09 0000059A
2.09 0000059A
2.09 0000059A
2.09 0000059A
2.09 0000059A
2.09 0000059A
2.09 0000059A
2.1052 000005B2
2.1052 000005B2
2.1052 000005B2
2.1052 000005B2
2.1052 000005B2
2.1052 000005B2
2.1052 000005B2
2.1052 000005B2
2.1052 000005B2
2.1052 000005B2
2.1052 000005B2
2.1052 000005B2
2.1052 000005B2
2.1052 000005B2
2.1052 000005B2
2.1052 000005B2
2.1052 000005B2
2.1052 000005B2
2.1052 000005B2
2.1052 000005B2
2.1052 000005B2
2.1052 000005B2
2.1052 000005B2
2.1052 000005B2
2.1052 000005B2
2.1052 000005B2
2.1052 000005B2
2.1052 000005B2
2.1052 000005B2
2.1052 000005B2
2.1052 000005B2
2.1052 000005B2
2.1052 000005B2
2.1052 000005B2
2.1052 000005B2
2.1052 000005B2
2.1052 000005B2
2.1052 000005B2
2.1052 000005B2
2.1052 000005B2
2.1052 000005B2
2.1052 000005B2
2.1052 000005B2
2.1052 000005B2
2.1052 000005B2
2.1052 000005B2
2.1052 000005B2
2.1052 000005B2
2.1052 000005B2
2.1052 000005B2
2.1204 000005BC
2.1204 000005BC
2.1204 000005BC
2.1204 000005BB
2.1204 000005BB
2.1204 000005BC
2.1204 000005BC
2.1204 000005BB
2.1204 000005BB
2.1204 000005BB
2.1204 000005BC
2.1204 000005BB
2.1204 000005BB
2.1204 000005BB
2.1204 000005BB
2.1204 000005BB
2.1204 000005BB
2.1204 000005BB
2.1204 000005BB
2.1204 000005BB
2.1204 000005BB
2.1204 000005BC
2.1204 000005BC
2.1204 000005BC
2.1204 000005BB
2.1204 000005BB
2.1204 000005BB
2.1204 000005BB
2.1204 000005BB
2.1204 000005BB
2.1204 000005BC
2.1204 000005BC
2.1204 000005BC
2.1204 000005BC
2.1204 000005BC
2.1204 000005BC
2.1204 000005BB
2.1204 000005BB
2.1204 000005BB
2.1204 000005BC
2.1204 000005BC
2.1204 000005BC
2.1204 000005BB
2.1204 000005BB
2.1204 000005BB
2.1204 000005BB
2.1204 000005BB
2.1204 000005BB
2.1204 000005BC
2.1204 000005BC
2.1356 000005D4
2.1356 000005D4
2.1356 000005D4
2.1356 000005D4
2.1356 000005D4
2.1356 000005D4
2.1356 000005D4
2.1356 000005D4
2.1356 000005D4
2.1356 000005D4
2.1356 000005D4
2.1356 000005D4
2.1356 000005D4
2.1356 000005D4
2.1356 000005D4
2.1356 000005D4
2.1356 000005D4
2.1356 000005D4
2.1356 000005D4
2.1356 000005D4
2.1356 000005D4
2.1356 000005D4
2.1356 000005D4
2.1356 000005D4
2.1356 000005D4
2.1356 000005D4
2.1356 000005D4
2.1356 000005D4
2.1356 000005D4
2.1356 000005D4
2.1356 000005D4
2.1356 000005D4
2.1356 000005D4
2.1356 000005D4
2.1356 000005D4
2.1356 000005D3
2.1356 000005D3
2.1356 000005D3
2.1356 000005D4
2.1356 000005D4
2.1356 000005D4
2.1356 000005D4
2.1356 000005D4
2.1356 000005D4
2.1356 000005D4
2.1356 000005D4
2.1356 000005D4
2.1356 000005D3
2.1356 000005D3
2.1356 000005D3
2.1508000000000003 000005DD
2.1508000000000003 000005DD
2.1508000000000003 000005DD
2.1508000000000003 000005DD
2.1508000000000003 000005DD
2.1508000000000003 000005DD
2.1508000000000003 000005DD
2.1508000000000003 000005DD
2.1508000000000003 000005DD
2.1508000000000003 000005DD
2.1508000000000003 000005DD
2.1508000000000003 000005DD
2.1508000000000003 000005DD
2.1508000000000003 000005DD
2.1508000000000003 000005DD
2.1508000000000003 000005DD
2.1508000000000003 000005DD
2.1508000000000003 000005DD
2.1508000000000003 000005DD
2.1508000000000003 000005DD
2.1508000000000003 000005DD
2.1508000000000003 000005DD
2.1508000000000003 000005DD
2.1508000000000003 000005DD
2.1508000000000003 000005DD
2.1508000000000003 000005DD
2.1508000000000003 000005DD
2.1508000000000003 000005DD
2.1508000000000003 000005DD
2.1508000000000003 000005DD
2.1508000000000003 000005DD
2.1508000000000003 000005DD
2.1508000000000003 000005DD
2.1508000000000003 000005DD
2.1508000000000003 000005DD
2.1508000000000003 000005DD
2.1508000000000003 000005DD
2.1508000000000003 000005DD
2.1508000000000003 000005DD
2.1508000000000003 000005DD
2.1508000000000003 000005DD
2.1508000000000003 000005DD
2.1508000000000003 000005DD
2.1508000000000003 000005DD
2.1508000000000003 000005DD
2.1508000000000003 000005DD
2.1508000000000003 000005DD
2.1508000000000003 000005DD
2.1508000000000003 000005DD
2.1508000000000003 000005DD
2.1660000000000004 000005F4
2.1660000000000004 000005F4
2.1660000000000004 000005F5
2.1660000000000004 000005F5
2.1660000000000004 000005F5
2.1660000000000004 000005F5
2.1660000000000004 000005F5
2.1660000000000004 000005F5
2.1660000000000004 000005F5
2.1660000000000004 000005F5
2.1660000000000004 000005F5
2.1660000000000004 000005F5
2.1660000000000004 000005F5
2.1660000000000004 000005F5
2.1660000000000004 000005F5
2.1660000000000004 000005F5
2.1660000000000004 000005F5
2.1660000000000004 000005F5
2.1660000000000004 000005F5
2.1660000000000004 000005F5
2.1660000000000004 000005F5
2.1660000000000004 000005F5
2.1660000000000004 000005F5
2.1660000000000004 000005F5
2.1660000000000004 000005F5
2.1660000000000004 000005F5
2.1660000000000004 000005F5
2.1660000000000004 000005F5
2.1660000000000004 000005F5
2.1660000000000004 000005F5
2.1660000000000004 000005F5
2.1660000000000004 000005F5
2.1660000000000004 000005F5
2.1660000000000004 000005F5
2.1660000000000004 000005F5
2.1660000000000004 000005F5
2.1660000000000004 000005F5
2.1660000000000004 000005F5
2.1660000000000004 000005F5
2.1660000000000004 000005F5
2.1660000000000004 000005F5
2.1660000000000004 000005F5
2.1660000000000004 000005F5
2.1660000000000004 000005F5
2.1660000000000004 000005F5
2.1660000000000004 000005F5
2.1660000000000004 000005F5
2.1660000000000004 000005F5
2.1660000000000004 000005F5
2.1660000000000004 000005F5
2.1812000000000005 0000060D
2.1812000000000005 0000060D
2.1812000000000005 0000060D
2.1812000000000005 0000060D
2.1812000000000005 0000060D
2.1812000000000005 0000060D
2.1812000000000005 0000060D
2.1812000000000005 0000060D
2.1812000000000005 0000060D
2.1812000000000005 0000060D
2.1812000000000005 0000060D
2.1812000000000005 0000060D
2.1812000000000005 0000060D
2.1812000000000005 0000060D
2.1812000000000005 0000060D
2.1812000000000005 0000060D
2.1812000000000005 0000060D
2.1812000000000005 0000060D
2.1812000000000005 0000060D
2.1812000000000005 0000060D
2.1812000000000005 0000060D
2.1812000000000005 0000060D
2.1812000000000005 0000060D
2.1812000000000005 0000060D
2.1812000000000005 0000060D
2.1812000000000005 0000060D
2.1812000000000005 0000060D
2.1812000000000005 0000060D
2.1812000000000005 0000060D
2.1812000000000005 0000060D
2.1812000000000005 0000060D
2.1812000000000005 0000060D
2.1812000000000005 0000060D
2.1812000000000005 0000060D
2.1812000000000005 0000060D
2.1812000000000005 0000060D
2.1812000000000005 0000060D
2.1812000000000005 0000060D
2.1812000000000005 0000060D
2.1812000000000005 0000060D
2.1812000000000005 0000060D
2.1812000000000005 0000060E
2.1812000000000005 0000060E
2.1812000000000005 0000060E
2.1812000000000005 0000060D
2.1812000000000005 0000060D
2.1812000000000005 0000060D
2.1812000000000005 0000060E
2.1812000000000005 0000060E
2.1812000000000005 0000060E
2.1964 00000616
2.1964 00000616
2.1964 00000616
2.1964 00000616
2.1964 00000616
2.1964 00000616
2.1964 00000617
2.1964 00000617
2.1964 00000617
2.1964 00000617
2.1964 00000617
2.1964 00000617
2.1964 00000616
2.1964 00000616
2.1964 00000616
2.1964 00000616
2.1964 00000616
2.1964 00000617
2.1964 00000617
2.1964 00000617
2.1964 00000616
2.1964 00000616
2.1964 00000616
2.1964 00000616
2.1964 00000616
2.1964 00000616
2.1964 00000616
2.1964 00000616
2.1964 00000616
2.1964 00000616
2.1964 00000616
2.1964 00000616
2.1964 00000616
2.1964 00000616
2.1964 00000616
2.1964 00000617
2.1964 00000617
2.1964 00000617
2.1964 00000616
2.1964 00000616
2.1964 00000616
2.1964 00000616
2.1964 00000616
2.1964 00000616
2.1964 00000616
2.1964 00000616
2.1964 00000616
2.1964 00000616
2.1964 00000616
2.1964 00000616
2.2116000000000002 0000062E
2.2116000000000002 0000062E
2.2116000000000002 0000062E
2.2116000000000002 0000062E
2.2116000000000002 0000062E
2.2116000000000002 0000062E
2.2116000000000002 0000062E
2.2116000000000002 0000061F
2.2116000000000002 0000062E
2.2116000000000002 0000062E
2.2116000000000002 0000062E
2.2116000000000002 0000061F
2.2116000000000002 0000061F
2.2116000000000002 0000061F
2.2116000000000002 0000062E
2.2116000000000002 0000062E
2.2116000000000002 0000062E
2.2116000000000002 0000062E
2.2116000000000002 0000062E
2.2116000000000002 0000062E
2.2116000000000002 0000062E
2.2116000000000002 0000062E
2.2116000000000002 0000062E
2.2116000000000002 0000062E
2.2116000000000002 0000062E
2.2116000000000002 0000062E
2.2116000000000002 0000062E
2.2116000000000002 0000062E
2.2116000000000002 0000062E
2.2116000000000002 0000062E
2.2116000000000002 0000062E
2.2116000000000002 0000062E
2.2116000000000002 0000062E
2.2116000000000002 0000062E
2.2116000000000002 0000062E
2.2116000000000002 0000062E
2.2116000000000002 0000062E
2.2116000000000002 0000062E
2.2116000000000002 0000062E
2.2116000000000002 0000062E
2.2116000000000002 0000062E
2.2116000000000002 0000062E
2.2116000000000002 0000062E
2.2116000000000002 0000062E
2.2116000000000002 0000062E
2.2116000000000002 0000062E
2.2116000000000002 0000062E
2.2116000000000002 0000062E
2.2116000000000002 0000062E
2.2116000000000002 0000062E
2.2268 00000637
2.2268 00000637
2.2268 00000637
2.2268 00000637
2.2268 00000637
2.2268 00000637
2.2268 00000637
2.2268 00000637
2.2268 00000637
2.2268 00000637
2.2268 00000637
2.2268 00000637
2.2268 00000637
2.2268 00000637
2.2268 00000637
2.2268 00000637
2.2268 00000637
2.2268 00000637
2.2268 00000637
2.2268 00000637
2.2268 00000637
2.2268 00000637
2.2268 00000638
2.2268 00000638
2.2268 00000638
2.2268 00000637
2.2268 00000637
2.2268 00000637
2.2268 00000638
2.2268 00000638
2.2268 00000638
2.2268 00000637
2.2268 00000637
2.2268 00000637
2.2268 00000638
2.2268 00000638
2.2268 00000638
2.2268 00000637
2.2268 00000637
2.2268 00000637
2.2268 00000637
2.2268 00000637
2.2268 00000637
2.2268 00000637
2.2268 00000637
2.2268 00000637
2.2268 00000636
2.2268 00000636
2.2268 00000636
2.2268 00000636
2.242 0000064F
2.242 0000064F
2.242 0000064E
2.242 0000064E
2.242 0000064E
2.242 0000064F
2.242 0000064F
2.242 0000064F
2.242 0000064F
2.242 0000064F
2.242 0000064E
2.242 0000064E
2.242 0000064E
2.242 0000064F
2.242 0000064F
2.242 0000064F
2.242 0000064F
2.242 0000064F
2.242 0000064F
2.242 0000064F
2.242 0000064F
2.242 0000064F
2.242 0000064E
2.242 0000064E
2.242 0000064E
2.242 0000064F
2.242 0000064F
2.242 0000064F
2.242 0000064E
2.242 0000064E
2.242 0000064E
2.242 0000064E
2.242 0000064E
2.242 0000064F
2.242 0000064F
2.242 0000064F
2.242 0000064F
2.242 0000064F
2.242 0000064F
2.242 0000064F
2.242 0000064F
2.242 0000064F
2.242 0000064F
2.242 0000064F
2.242 0000064F
2.242 0000064F
2.242 0000064F
2.242 0000064F
2.242 0000064F
2.242 0000064F
2.2572 00000658
2.2572 00000658
2.2572 00000658
2.2572 00000658
2.2572 00000658
2.2572 00000658
2.2572 00000658
2.2572 00000658
2.2572 00000658
2.2572 00000658
2.2572 00000658
2.2572 00000658
2.2572 00000658
2.2572 00000658
2.2572 00000658
2.2572 00000658
2.2572 00000658
2.2572 00000658
2.2572 00000658
2.2572 00000658
2.2572 00000658
2.2572 00000658
2.2572 00000658
2.2572 00000658
2.2572 00000658
2.2572 00000658
2.2572 00000658
2.2572 00000658
2.2572 00000658
2.2572 00000658
2.2572 00000658
2.2572 00000658
2.2572 00000658
2.2572 00000658
2.2572 00000658
2.2572 00000658
2.2572 00000658
2.2572 00000658
2.2572 00000658
2.2572 00000658
2.2572 00000658
2.2572 00000658
2.2572 00000658
2.2572 00000658
2.2572 00000658
2.2572 00000658
2.2572 00000658
2.2572 00000658
2.2572 00000658
2.2572 00000658
2.2724 0000066F
2.2724 0000066F
2.2724 0000066F
2.2724 0000066F
2.2724 0000066F
2.2724 0000066F
2.2724 0000066F
2.2724 0000066F
2.2724 0000066F
2.2724 0000066E
2.2724 0000066E
2.2724 0000066E
2.2724 0000066F
2.2724 0000066F
2.2724 0000066F
2.2724 00000670
2.2724 00000670
2.2724 00000670
2.2724 0000066F
2.2724 0000066F
2.2724 0000066F
2.2724 0000066F
2.2724 0000066F
2.2724 0000066F
2.2724 0000066F
2.2724 0000066F
2.2724 0000066F
2.2724 0000066F
2.2724 0000066F
2.2724 0000066F
2.2724 0000066F
2.2724 0000066F
2.2724 0000066F
2.2724 0000066F
2.2724 0000066F
2.2724 0000066F
2.2724 0000066F
2.2724 0000066F
2.2724 0000066F
2.2724 0000066F
2.2724 0000066F
2.2724 0000066F
2.2724 0000066F
2.2724 0000066E
2.2724 0000066E
2.2724 0000066E
2.2724 0000066F
2.2724 0000066F
2.2724 0000066F
2.2724 0000066F
2.2876000000000003 00000678
2.2876000000000003 00000678
2.2876000000000003 00000678
2.2876000000000003 00000678
2.2876000000000003 00000678
2.2876000000000003 00000678
2.2876000000000003 00000678
2.2876000000000003 00000678
2.2876000000000003 00000678
2.2876000000000003 00000678
2.2876000000000003 00000678
2.2876000000000003 00000678
2.2876000000000003 00000678
2.2876000000000003 00000678
2.2876000000000003 00000678
2.2876000000000003 00000678
2.2876000000000003 00000678
2.2876000000000003 00000678
2.2876000000000003 00000678
2.2876000000000003 00000678
2.2876000000000003 00000678
2.2876000000000003 00000678
2.2876000000000003 00000678
2.2876000000000003 00000678
2.2876000000000003 00000678
2.2876000000000003 00000678
2.2876000000000003 00000678
2.2876000000000003 00000678
2.2876000000000003 00000678
2.2876000000000003 00000678
2.2876000000000003 00000678
2.2876000000000003 00000678
2.2876000000000003 00000678
2.2876000000000003 00000678
2.2876000000000003 00000678
2.2876000000000003 00000678
2.2876000000000003 00000678
2.2876000000000003 00000678
2.2876000000000003 00000678
2.2876000000000003 00000678
2.2876000000000003 00000678
2.2876000000000003 00000678
2.2876000000000003 00000678
2.2876000000000003 00000678
2.2876000000000003 00000678
2.2876000000000003 00000678
2.2876000000000003 00000678
2.2876000000000003 00000678
2.2876000000000003 00000678
2.2876000000000003 00000678
2.3028000000000004 0000068F
2.3028000000000004 0000068F
2.3028000000000004 0000068F
2.3028000000000004 0000068F
2.3028000000000004 0000068F
2.3028000000000004 0000068F
2.3028000000000004 00000690
2.3028000000000004 00000690
2.3028000000000004 00000690
2.3028000000000004 00000690
2.3028000000000004 00000690
2.3028000000000004 00000690
2.3028000000000004 00000690
2.3028000000000004 00000690
2.3028000000000004 00000690
2.3028000000000004 0000068F
2.3028000000000004 0000068F
2.3028000000000004 0000068F
2.3028000000000004 00000690
2.3028000000000004 00000690
2.3028000000000004 00000690
2.3028000000000004 0000068F
2.3028000000000004 0000068F
2.3028000000000004 0000068F
2.3028000000000004 0000068F
2.3028000000000004 00000690
2.3028000000000004 00000690
2.3028000000000004 0000068F
2.3028000000000004 0000068F
2.3028000000000004 00000690
2.3028000000000004 00000690
2.3028000000000004 00000690
2.3028000000000004 00000690
2.3028000000000004 00000690
2.3028000000000004 00000690
2.3028000000000004 0000068F
2.3028000000000004 0000068F
2.3028000000000004 0000068F
2.3028000000000004 00000690
2.3028000000000004 00000690
2.3028000000000004 00000690
2.3028000000000004 0000068F
2.3028000000000004 0000068F
2.3028000000000004 00000690
2.3028000000000004 00000690
2.3028000000000004 00000690
2.3028000000000004 0000068F
2.3028000000000004 0000068F
2.3028000000000004 0000068F
2.3028000000000004 00000690
2.318 00000698
2.318 00000698
2.318 00000698
2.318 00000698
2.318 00000698
2.318 00000698
2.318 00000698
2.318 00000698
2.318 00000698
2.318 00000698
2.318 00000698
2.318 00000698
2.318 00000698
2.318 00000698
2.318 00000698
2.318 00000698
2.318 00000698
2.318 00000698
2.318 00000698
2.318 00000698
2.318 00000698
2.318 00000698
2.318 00000698
2.318 00000698
2.318 00000698
2.318 00000698
2.318 00000698
2.318 00000698
2.318 00000698
2.318 00000698
2.318 00000698
2.318 00000698
2.318 00000698
2.318 00000699
2.318 00000699
2.318 00000699
2.318 00000698
2.318 00000698
2.318 00000698
2.318 00000698
2.318 00000698
2.318 00000698
2.318 00000698
2.318 00000698
2.318 00000698
2.318 00000698
2.318 00000698
2.318 00000698
2.318 00000698
2.318 00000698
2.3332 000006AF
2.3332 000006AF
2.3332 000006AF
2.3332 000006AF
2.3332 000006AF
2.3332 000006AF
2.3332 000006AF
2.3332 000006AF
2.3332 000006AF
2.3332 000006AF
2.3332 000006AF
2.3332 000006AF
2.3332 000006AE
2.3332 000006AE
2.3332 000006AE
2.3332 000006AF
2.3332 000006AF
2.3332 000006AF
2.3332 000006AF
2.3332 000006AF
2.3332 000006AE
2.3332 000006AE
2.3332 000006AE
2.3332 000006AE
2.3332 000006AE
2.3332 000006AE
2.3332 000006AE
2.3332 000006AE
2.3332 000006AF
2.3332 000006AF
2.3332 000006AF
2.3332 000006AF
2.3332 000006AF
2.3332 000006AF
2.3332 000006AF
2.3332 000006AF
2.3332 000006AF
2.3332 000006AF
2.3332 000006AF
2.3332 000006AF
2.3332 000006AF
2.3332 000006AF
2.3332 000006AF
2.3332 000006AF
2.3332 000006AF
2.3332 000006AF
2.3332 000006AF
2.3332 000006AF
2.3332 000006AF
2.3332 000006AF
2.3484000000000003 000006B8
2.3484000000000003 000006B8
2.3484000000000003 000006B8
2.3484000000000003 000006B8
2.3484000000000003 000006B8
2.3484000000000003 000006B8
2.3484000000000003 000006B8
2.3484000000000003 000006B8
2.3484000000000003 000006B8
2.3484000000000003 000006B8
2.3484000000000003 000006B8
2.3484000000000003 000006B8
2.3484000000000003 000006B8
2.3484000000000003 000006B8
2.3484000000000003 000006B8
2.3484000000000003 000006B8
2.3484000000000003 000006B8
2.3484000000000003 000006B8
2.3484000000000003 000006B8
2.3484000000000003 000006B8
2.3484000000000003 000006B8
2.3484000000000003 000006B8
2.3484000000000003 000006B8
2.3484000000000003 000006B8
2.3484000000000003 000006B8
2.3484000000000003 000006B8
2.3484000000000003 000006B8
2.3484000000000003 000006B8
2.3484000000000003 000006B8
2.3484000000000003 000006B8
2.3484000000000003 000006B8
2.3484000000000003 000006B8
2.3484000000000003 000006B8
2.3484000000000003 000006B7
2.3484000000000003 000006B7
2.3484000000000003 000006B8
2.3484000000000003 000006B8
2.3484000000000003 000006B8
2.3484000000000003 000006B8
2.3484000000000003 000006B8
2.3484000000000003 000006B8
2.3484000000000003 000006B8
2.3484000000000003 000006B8
2.3484000000000003 000006B8
2.3484000000000003 000006B8
2.3484000000000003 000006B8
2.3484000000000003 000006B8
2.3484000000000003 000006B8
2.3484000000000003 000006B7
2.3484000000000003 000006B7
2.3636 000006CF
2.3636 000006CF
2.3636 000006CF
2.3636 000006BF
2.3636 000006BF
2.3636 000006BF
2.3636 000006CF
2.3636 000006CF
2.3636 000006CF
2.3636 000006CF
2.3636 000006CF
2.3636 000006CF
2.3636 000006CE
2.3636 000006CE
2.3636 000006CE
2.3636 000006CF
2.3636 000006CF
2.3636 000006CF
2.3636 000006CF
2.3636 000006CF
2.3636 000006CF
2.3636 000006CF
2.3636 000006CF
2.3636 000006CF
2.3636 000006CE
2.3636 000006CE
2.3636 000006CE
2.3636 000006BF
2.3636 000006BF
2.3636 000006BF
2.3636 000006CE
2.3636 000006CE
2.3636 000006CE
2.3636 000006CF
2.3636 000006CF
2.3636 000006CF
2.3636 000006CE
2.3636 000006CE
2.3636 000006CE
2.3636 000006CE
2.3636 000006CE
2.3636 000006CE
2.3636 000006CE
2.3636 000006CE
2.3636 000006CE
2.3636 000006CF
2.3636 000006CF
2.3636 000006CF
2.3636 000006CF
2.3636 000006CF
2.3788 000006D7
2.3788 000006D8
2.3788 000006D8
2.3788 000006D8
2.3788 000006D7
2.3788 000006D7
2.3788 000006D7
2.3788 000006D8
2.3788 000006D8
2.3788 000006D8
2.3788 000006D8
2.3788 000006D8
2.3788 000006D8
2.3788 000006D7
2.3788 000006D7
2.3788 000006D7
2.3788 000006D7
2.3788 000006D7
2.3788 000006D7
2.3788 000006D7
2.3788 000006D7
2.3788 000006D7
2.3788 000006D6
2.3788 000006D6
2.3788 000006D6
2.3788 000006D7
2.3788 000006D7
2.3788 000006D7
2.3788 000006D8
2.3788 000006D8
2.3788 000006D8
2.3788 000006D7
2.3788 000006D7
2.3788 000006D7
2.3788 000006D7
2.3788 000006D7
2.3788 000006D7
2.3788 000006D8
2.3788 000006D8
2.3788 000006D8
2.3788 000006D7
2.3788 000006D7
2.3788 000006D7
2.3788 000006D8
2.3788 000006D8
2.3788 000006D8
2.3788 000006D8
2.3788 000006D8
2.3788 000006D8
2.3788 000006D7
2.394 000006DF
2.394 000006DF
2.394 000006DF
2.394 000006DF
2.394 000006DF
2.394 000006DF
2.394 000006DF
2.394 000006DF
2.394 000006DF
2.394 000006DF
2.394 000006DF
2.394 000006DF
2.394 000006DF
2.394 000006DF
2.394 000006DF
2.394 000006DF
2.394 000006DF
2.394 000006DF
2.394 000006DF
2.394 000006DF
2.394 000006DF
2.394 000006DF
2.394 000006DF
2.394 000006DF
2.394 000006DF
2.394 000006DF
2.394 000006EE
2.394 000006EE
2.394 000006EE
2.394 000006DF
2.394 000006DF
2.394 000006DF
2.394 000006ED
2.394 000006ED
2.394 000006DF
2.394 000006DF
2.394 000006DF
2.394 000006DF
2.394 000006DF
2.394 000006DF
2.394 000006DF
2.394 000006DF
2.394 000006DF
2.394 000006DF
2.394 000006DF
2.394 000006EE
2.394 000006EE
2.394 000006EE
2.394 000006EE
2.394 000006EE
2.4092000000000002 000006F6
2.4092000000000002 000006F6
2.4092000000000002 000006F6
2.4092000000000002 000006F6
2.4092000000000002 000006F6
2.4092000000000002 000006F6
2.4092000000000002 000006F6
2.4092000000000002 000006F6
2.4092000000000002 000006F6
2.4092000000000002 000006F6
2.4092000000000002 000006F6
2.4092000000000002 000006F6
2.4092000000000002 000006F6
2.4092000000000002 000006F6
2.4092000000000002 000006F5
2.4092000000000002 000006F5
2.4092000000000002 000006F5
2.4092000000000002 000006F6
2.4092000000000002 000006F6
2.4092000000000002 000006F6
2.4092000000000002 000006F6
2.4092000000000002 000006F6
2.4092000000000002 000006F6
2.4092000000000002 000006F6
2.4092000000000002 000006F6
2.4092000000000002 000006F6
2.4092000000000002 000006F6
2.4092000000000002 000006F6
2.4092000000000002 000006F6
2.4092000000000002 000006F6
2.4092000000000002 000006F6
2.4092000000000002 000006F6
2.4092000000000002 000006F6
2.4092000000000002 000006F6
2.4092000000000002 000006F6
2.4092000000000002 000006F6
2.4092000000000002 000006F6
2.4092000000000002 000006F6
2.4092000000000002 000006F6
2.4092000000000002 000006F6
2.4092000000000002 000006F6
2.4092000000000002 000006F6
2.4092000000000002 000006F6
2.4092000000000002 000006F6
2.4092000000000002 000006F6
2.4092000000000002 000006F6
2.4092000000000002 000006F6
2.4092000000000002 000006F6
2.4092000000000002 000006F6
2.4092000000000002 000006F6
2.4244000000000003 000006FE
2.4244000000000003 000006FE
2.4244000000000003 000006FE
2.4244000000000003 000006FE
2.4244000000000003 000006FE
2.4244000000000003 000006FE
2.4244000000000003 000006FE
2.4244000000000003 000006FE
2.4244000000000003 000006FE
2.4244000000000003 000006FE
2.4244000000000003 000006FE
2.4244000000000003 000006FE
2.4244000000000003 000006FE
2.4244000000000003 000006FE
2.4244000000000003 000006FE
2.4244000000000003 000006FE
2.4244000000000003 000006FE
2.4244000000000003 000006FE
2.4244000000000003 000006FE
2.4244000000000003 000006FE
2.4244000000000003 000006FE
2.4244000000000003 000006FE
2.4244000000000003 000006FE
2.4244000000000003 000006FE
2.4244000000000003 000006FE
2.4244000000000003 000006FE
2.4244000000000003 000006FE
2.4244000000000003 000006FE
2.4244000000000003 000006FE
2.4244000000000003 000006FE
2.4244000000000003 000006FE
2.4244000000000003 000006FE
2.4244000000000003 000006FE
2.4244000000000003 000006FE
2.4244000000000003 000006FE
2.4244000000000003 000006FE
2.4244000000000003 000006FE
2.4244000000000003 000006FE
2.4244000000000003 000006FE
2.4244000000000003 000006FE
2.4244000000000003 000006FE
2.4244000000000003 000006FE
2.4244000000000003 000006FE
2.4244000000000003 000006FE
2.4244000000000003 000006FE
2.4244000000000003 000006FE
2.4244000000000003 000006FE
2.4244000000000003 000006FE
2.4244000000000003 000006FE
2.4244000000000003 000006FE
2.4396000000000004 00000715
2.4396000000000004 00000715
2.4396000000000004 00000715
2.4396000000000004 00000715
2.4396000000000004 00000715
2.4396000000000004 00000715
2.4396000000000004 00000715
2.4396000000000004 00000715
2.4396000000000004 00000715
2.4396000000000004 00000715
2.4396000000000004 00000715
2.4396000000000004 00000715
2.4396000000000004 00000715
2.4396000000000004 00000715
2.4396000000000004 00000715
2.4396000000000004 00000715
2.4396000000000004 00000715
2.4396000000000004 00000715
2.4396000000000004 00000715
2.4396000000000004 00000715
2.4396000000000004 00000715
2.4396000000000004 00000715
2.4396000000000004 00000715
2.4396000000000004 00000715
2.4396000000000004 00000715
2.4396000000000004 00000715
2.4396000000000004 00000715
2.4396000000000004 00000715
2.4396000000000004 00000715
2.4396000000000004 00000715
2.4396000000000004 00000715
2.4396000000000004 00000715
2.4396000000000004 00000715
2.4396000000000004 00000715
2.4396000000000004 00000715
2.4396000000000004 00000715
2.4396000000000004 00000715
2.4396000000000004 00000715
2.4396000000000004 00000715
2.4396000000000004 00000715
2.4396000000000004 00000715
2.4396000000000004 00000715
2.4396000000000004 00000715
2.4396000000000004 00000715
2.4396000000000004 00000715
2.4396000000000004 00000715
2.4396000000000004 00000715
2.4396000000000004 00000715
2.4396000000000004 00000715
2.4396000000000004 00000715
2.4548 0000071D
2.4548 0000071D
2.4548 0000071D
2.4548 0000071D
2.4548 0000071D
2.4548 0000071D
2.4548 0000071D
2.4548 0000071D
2.4548 0000071D
2.4548 0000071D
2.4548 0000071D
2.4548 0000071D
2.4548 0000071D
2.4548 0000071C
2.4548 0000071C
2.4548 0000071C
2.4548 0000071D
2.4548 0000071D
2.4548 0000071D
2.4548 0000071D
2.4548 0000071D
2.4548 0000071D
2.4548 0000071D
2.4548 0000071D
2.4548 0000071D
2.4548 0000071D
2.4548 0000071D
2.4548 0000071D
2.4548 0000071D
2.4548 0000071D
2.4548 0000071D
2.4548 0000071D
2.4548 0000071D
2.4548 0000071D
2.4548 0000071D
2.4548 0000071D
2.4548 0000071D
2.4548 0000071D
2.4548 0000071D
2.4548 0000071D
2.4548 0000071D
2.4548 0000071D
2.4548 0000071D
2.4548 0000071D
2.4548 0000071D
2.4548 0000071D
2.4548 0000071D
2.4548 0000071D
2.4548 0000071D
2.4548 0000071D
