@isf_pulse = 0.8640000000000001us, sampling pulse width = 0.04us, input clk freq is 250.0MHzcap load is 4fF, vcm = 0.95, v0 = 1.0, vrefp = 1.25, vrefn = 0.75.
0.95 00000016
0.95 00000015
0.95 00000015
0.95 00000015
0.95 00000015
0.95 00000015
0.95 00000015
0.95 00000015
0.95 00000015
0.95 00000015
0.95 00000015
0.95 00000015
0.95 00000015
0.95 00000015
0.95 00000015
0.95 00000015
0.95 00000015
0.95 00000015
0.95 00000015
0.95 00000015
0.9645999999999999 0000002D
0.9645999999999999 0000002D
0.9645999999999999 0000002D
0.9645999999999999 0000002D
0.9645999999999999 0000002D
0.9645999999999999 0000002D
0.9645999999999999 0000002D
0.9645999999999999 0000002E
0.9645999999999999 0000002E
0.9645999999999999 0000002E
0.9645999999999999 0000002D
0.9645999999999999 0000002D
0.9645999999999999 0000002D
0.9645999999999999 0000002E
0.9645999999999999 0000002E
0.9645999999999999 0000002E
0.9645999999999999 0000001F
0.9645999999999999 0000002E
0.9645999999999999 0000002E
0.9645999999999999 0000002E
0.9792 00000039
0.9792 00000039
0.9792 00000039
0.9792 00000039
0.9792 00000037
0.9792 00000038
0.9792 00000038
0.9792 00000039
0.9792 00000039
0.9792 00000039
0.9792 00000038
0.9792 00000038
0.9792 00000039
0.9792 00000039
0.9792 00000039
0.9792 00000039
0.9792 00000038
0.9792 00000038
0.9792 00000039
0.9792 00000037
0.9938 00000052
0.9938 00000052
0.9938 00000052
0.9938 00000052
0.9938 00000052
0.9938 00000052
0.9938 00000052
0.9938 00000052
0.9938 00000052
0.9938 00000052
0.9938 00000052
0.9938 00000052
0.9938 00000051
0.9938 00000052
0.9938 00000052
0.9938 00000052
0.9938 00000052
0.9938 00000052
0.9938 00000051
0.9938 00000052
1.0084 0000005B
1.0084 0000005D
1.0084 0000005C
1.0084 0000005B
1.0084 0000005B
1.0084 0000005B
1.0084 0000005C
1.0084 0000005C
1.0084 0000005C
1.0084 0000005B
1.0084 0000005B
1.0084 0000005B
1.0084 0000005B
1.0084 0000005B
1.0084 0000005B
1.0084 0000005B
1.0084 0000005B
1.0084 0000005B
1.0084 0000005B
1.0084 0000005C
1.023 00000075
1.023 00000075
1.023 00000075
1.023 00000075
1.023 00000075
1.023 00000075
1.023 00000075
1.023 00000075
1.023 00000075
1.023 00000075
1.023 00000075
1.023 00000075
1.023 00000075
1.023 00000075
1.023 00000075
1.023 00000075
1.023 00000075
1.023 00000075
1.023 00000075
1.023 00000075
1.0375999999999999 0000008E
1.0375999999999999 0000008E
1.0375999999999999 0000008E
1.0375999999999999 0000008E
1.0375999999999999 0000007F
1.0375999999999999 0000007F
1.0375999999999999 0000007F
1.0375999999999999 0000008E
1.0375999999999999 0000008E
1.0375999999999999 0000008E
1.0375999999999999 0000008E
1.0375999999999999 0000008E
1.0375999999999999 0000008E
1.0375999999999999 0000008E
1.0375999999999999 0000008D
1.0375999999999999 0000007F
1.0375999999999999 0000007F
1.0375999999999999 0000007F
1.0375999999999999 0000008D
1.0375999999999999 0000008D
1.0522 00000099
1.0522 00000099
1.0522 00000099
1.0522 00000099
1.0522 00000099
1.0522 00000099
1.0522 00000099
1.0522 00000099
1.0522 00000098
1.0522 00000098
1.0522 00000098
1.0522 00000099
1.0522 00000099
1.0522 00000099
1.0522 00000099
1.0522 00000097
1.0522 00000099
1.0522 00000099
1.0522 00000099
1.0522 00000099
1.0668 000000B1
1.0668 000000B2
1.0668 000000B2
1.0668 000000B2
1.0668 000000B1
1.0668 000000B1
1.0668 000000B2
1.0668 000000B2
1.0668 000000B2
1.0668 000000B2
1.0668 000000B2
1.0668 000000B2
1.0668 000000B2
1.0668 000000B2
1.0668 000000B2
1.0668 000000B2
1.0668 000000B1
1.0668 000000B2
1.0668 000000B2
1.0668 000000B1
1.0814 000000BB
1.0814 000000BB
1.0814 000000BB
1.0814 000000BB
1.0814 000000BB
1.0814 000000BC
1.0814 000000BC
1.0814 000000BB
1.0814 000000BB
1.0814 000000BB
1.0814 000000BB
1.0814 000000BB
1.0814 000000BC
1.0814 000000BC
1.0814 000000BB
1.0814 000000BB
1.0814 000000BB
1.0814 000000BB
1.0814 000000BB
1.0814 000000BC
1.096 000000D5
1.096 000000D5
1.096 000000D5
1.096 000000D5
1.096 000000D5
1.096 000000D5
1.096 000000D5
1.096 000000D5
1.096 000000D5
1.096 000000D5
1.096 000000D5
1.096 000000D5
1.096 000000D5
1.096 000000D5
1.096 000000D5
1.096 000000D5
1.096 000000D5
1.096 000000D5
1.096 000000D5
1.096 000000D5
1.1106 000000EE
1.1106 000000EE
1.1106 000000EE
1.1106 000000EE
1.1106 000000EE
1.1106 000000ED
1.1106 000000ED
1.1106 000000EE
1.1106 000000EE
1.1106 000000DF
1.1106 000000DF
1.1106 000000EE
1.1106 000000EE
1.1106 000000EE
1.1106 000000ED
1.1106 000000EE
1.1106 000000EE
1.1106 000000EE
1.1106 000000EE
1.1106 000000EE
1.1252 000000F9
1.1252 000000F9
1.1252 000000F9
1.1252 000000FA
1.1252 000000FA
1.1252 000000F9
1.1252 000000F9
1.1252 000000F9
1.1252 000000F9
1.1252 000000F9
1.1252 000000F9
1.1252 000000F9
1.1252 000000F9
1.1252 000000F9
1.1252 000000F9
1.1252 000000F9
1.1252 000000F9
1.1252 000000F9
1.1252 000000F9
1.1252 000000F9
1.1398 00000112
1.1398 00000112
1.1398 00000112
1.1398 00000112
1.1398 00000112
1.1398 00000112
1.1398 00000112
1.1398 00000112
1.1398 00000112
1.1398 00000112
1.1398 00000112
1.1398 00000112
1.1398 00000112
1.1398 00000112
1.1398 00000112
1.1398 00000112
1.1398 00000112
1.1398 00000112
1.1398 00000112
1.1398 00000112
1.1543999999999999 0000011D
1.1543999999999999 0000011D
1.1543999999999999 0000011D
1.1543999999999999 0000011D
1.1543999999999999 0000011D
1.1543999999999999 0000011D
1.1543999999999999 0000011D
1.1543999999999999 0000011D
1.1543999999999999 0000011D
1.1543999999999999 0000011D
1.1543999999999999 0000011D
1.1543999999999999 0000011D
1.1543999999999999 0000011D
1.1543999999999999 0000011D
1.1543999999999999 0000011D
1.1543999999999999 0000011D
1.1543999999999999 0000011D
1.1543999999999999 0000011D
1.1543999999999999 0000011D
1.1543999999999999 0000011D
1.169 00000136
1.169 00000136
1.169 00000136
1.169 00000136
1.169 00000136
1.169 00000136
1.169 00000135
1.169 00000135
1.169 00000136
1.169 00000136
1.169 00000136
1.169 00000136
1.169 00000136
1.169 00000135
1.169 00000135
1.169 00000136
1.169 00000136
1.169 00000136
1.169 00000135
1.169 00000135
1.1836 00000150
1.1836 00000150
1.1836 0000014F
1.1836 0000014F
1.1836 0000014F
1.1836 0000014F
1.1836 0000014F
1.1836 0000014F
1.1836 00000150
1.1836 00000150
1.1836 0000014F
1.1836 0000014F
1.1836 0000014F
1.1836 0000014F
1.1836 0000014F
1.1836 0000014F
1.1836 00000150
1.1836 00000150
1.1836 00000150
1.1836 00000150
1.1982 0000015A
1.1982 0000015A
1.1982 0000015A
1.1982 0000015A
1.1982 0000015A
1.1982 0000015A
1.1982 0000015A
1.1982 0000015A
1.1982 0000015A
1.1982 0000015A
1.1982 00000159
1.1982 00000159
1.1982 0000015A
1.1982 0000015A
1.1982 0000015A
1.1982 0000015A
1.1982 0000015A
1.1982 0000015A
1.1982 0000015A
1.1982 0000015A
1.2128 00000173
1.2128 00000173
1.2128 00000172
1.2128 00000173
1.2128 00000173
1.2128 00000173
1.2128 00000173
1.2128 00000173
1.2128 00000173
1.2128 00000173
1.2128 00000173
1.2128 00000173
1.2128 00000172
1.2128 00000172
1.2128 00000172
1.2128 00000173
1.2128 00000172
1.2128 00000172
1.2128 00000172
1.2128 00000173
1.2274 0000017D
1.2274 0000017D
1.2274 0000017D
1.2274 0000017D
1.2274 0000017E
1.2274 0000017E
1.2274 0000017D
1.2274 0000017D
1.2274 0000017D
1.2274 0000017E
1.2274 0000017E
1.2274 0000017E
1.2274 0000017D
1.2274 0000017E
1.2274 0000017E
1.2274 0000017D
1.2274 0000017D
1.2274 0000017E
1.2274 0000017E
1.2274 0000017D
1.242 00000196
1.242 00000196
1.242 00000196
1.242 00000197
1.242 00000197
1.242 00000197
1.242 00000196
1.242 00000196
1.242 00000196
1.242 00000196
1.242 00000197
1.242 00000196
1.242 00000196
1.242 00000196
1.242 00000196
1.242 00000196
1.242 00000197
1.242 00000197
1.242 00000197
1.242 00000197
1.2566 000001B0
1.2566 000001B0
1.2566 000001AF
1.2566 000001AF
1.2566 000001AF
1.2566 000001AF
1.2566 000001AF
1.2566 000001B0
1.2566 000001AF
1.2566 000001AF
1.2566 000001AF
1.2566 000001AF
1.2566 000001AF
1.2566 000001AF
1.2566 000001AF
1.2566 000001AF
1.2566 000001AF
1.2566 000001AF
1.2566 000001AF
1.2566 000001AF
1.2711999999999999 000001BA
1.2711999999999999 000001BA
1.2711999999999999 000001BA
1.2711999999999999 000001BA
1.2711999999999999 000001BA
1.2711999999999999 000001BA
1.2711999999999999 000001BB
1.2711999999999999 000001BA
1.2711999999999999 000001BA
1.2711999999999999 000001BA
1.2711999999999999 000001BA
1.2711999999999999 000001BA
1.2711999999999999 000001BA
1.2711999999999999 000001BB
1.2711999999999999 000001BA
1.2711999999999999 000001BA
1.2711999999999999 000001BA
1.2711999999999999 000001BA
1.2711999999999999 000001BA
1.2711999999999999 000001BA
1.2858 000001D4
1.2858 000001D4
1.2858 000001D4
1.2858 000001D4
1.2858 000001D4
1.2858 000001D4
1.2858 000001D4
1.2858 000001D4
1.2858 000001D4
1.2858 000001D4
1.2858 000001D4
1.2858 000001D4
1.2858 000001D4
1.2858 000001D4
1.2858 000001D4
1.2858 000001D4
1.2858 000001D4
1.2858 000001D4
1.2858 000001D4
1.2858 000001D4
1.3004 000001DE
1.3004 000001DE
1.3004 000001DE
1.3004 000001DE
1.3004 000001DE
1.3004 000001DE
1.3004 000001DE
1.3004 000001DE
1.3004 000001DE
1.3004 000001DE
1.3004 000001DD
1.3004 000001DD
1.3004 000001DE
1.3004 000001DE
1.3004 000001DE
1.3004 000001DE
1.3004 000001DE
1.3004 000001DE
1.3004 000001DE
1.3004 000001DE
1.315 000001F7
1.315 000001F7
1.315 000001F7
1.315 000001F7
1.315 000001F7
1.315 000001F7
1.315 000001F7
1.315 000001F7
1.315 000001F7
1.315 000001F7
1.315 000001F7
1.315 000001F7
1.315 000001F7
1.315 000001F7
1.315 000001F7
1.315 000001F7
1.315 000001F7
1.315 000001F7
1.315 000001F7
1.315 000001F7
1.3296000000000001 00000212
1.3296000000000001 00000211
1.3296000000000001 00000211
1.3296000000000001 00000211
1.3296000000000001 00000211
1.3296000000000001 00000211
1.3296000000000001 00000211
1.3296000000000001 00000211
1.3296000000000001 00000211
1.3296000000000001 00000211
1.3296000000000001 00000211
1.3296000000000001 00000211
1.3296000000000001 00000211
1.3296000000000001 00000211
1.3296000000000001 00000211
1.3296000000000001 00000211
1.3296000000000001 00000212
1.3296000000000001 00000212
1.3296000000000001 00000212
1.3296000000000001 00000211
1.3441999999999998 0000021B
1.3441999999999998 0000021B
1.3441999999999998 0000021B
1.3441999999999998 0000021B
1.3441999999999998 0000021C
1.3441999999999998 0000021C
1.3441999999999998 0000021B
1.3441999999999998 0000021B
1.3441999999999998 0000021B
1.3441999999999998 0000021B
1.3441999999999998 0000021B
1.3441999999999998 0000021B
1.3441999999999998 0000021B
1.3441999999999998 0000021B
1.3441999999999998 0000021B
1.3441999999999998 0000021B
1.3441999999999998 0000021C
1.3441999999999998 0000021C
1.3441999999999998 0000021C
1.3441999999999998 0000021B
1.3588 00000235
1.3588 00000235
1.3588 00000235
1.3588 00000235
1.3588 00000235
1.3588 00000235
1.3588 00000235
1.3588 00000235
1.3588 00000235
1.3588 00000235
1.3588 00000235
1.3588 00000235
1.3588 00000235
1.3588 00000235
1.3588 00000235
1.3588 00000235
1.3588 00000235
1.3588 00000235
1.3588 00000234
1.3588 00000235
1.3734 0000024E
1.3734 0000024E
1.3734 0000024E
1.3734 0000024E
1.3734 0000024E
1.3734 0000024D
1.3734 0000024D
1.3734 0000024E
1.3734 0000024E
1.3734 0000024E
1.3734 0000023F
1.3734 0000024E
1.3734 0000024E
1.3734 0000024E
1.3734 0000023F
1.3734 0000024D
1.3734 0000024D
1.3734 0000024E
1.3734 0000023F
1.3734 0000023F
1.388 00000259
1.388 0000025A
1.388 0000025A
1.388 00000259
1.388 0000025A
1.388 0000025A
1.388 00000259
1.388 00000259
1.388 00000259
1.388 00000259
1.388 00000259
1.388 00000259
1.388 00000259
1.388 00000259
1.388 00000259
1.388 00000258
1.388 00000259
1.388 00000259
1.388 00000259
1.388 00000259
1.4026 00000272
1.4026 00000272
1.4026 00000272
1.4026 00000272
1.4026 00000272
1.4026 00000272
1.4026 00000272
1.4026 00000272
1.4026 00000272
1.4026 00000272
1.4026 00000272
1.4026 00000272
1.4026 00000272
1.4026 00000272
1.4026 00000272
1.4026 00000272
1.4026 00000272
1.4026 00000272
1.4026 00000272
1.4026 00000272
1.4172 0000027D
1.4172 0000027D
1.4172 0000027D
1.4172 0000027D
1.4172 0000027C
1.4172 0000027D
1.4172 0000027D
1.4172 0000027D
1.4172 0000027D
1.4172 0000027D
1.4172 0000027D
1.4172 0000027D
1.4172 0000027D
1.4172 0000027D
1.4172 0000027D
1.4172 0000027C
1.4172 0000027C
1.4172 0000027D
1.4172 0000027D
1.4172 0000027D
1.4318 00000295
1.4318 00000296
1.4318 00000296
1.4318 00000296
1.4318 00000296
1.4318 00000296
1.4318 00000295
1.4318 00000296
1.4318 00000296
1.4318 00000296
1.4318 00000296
1.4318 00000296
1.4318 00000296
1.4318 00000295
1.4318 00000295
1.4318 00000296
1.4318 00000296
1.4318 00000295
1.4318 00000295
1.4318 00000295
1.4464000000000001 000002AE
1.4464000000000001 000002AE
1.4464000000000001 000002AE
1.4464000000000001 000002AE
1.4464000000000001 000002AE
1.4464000000000001 000002AF
1.4464000000000001 000002AF
1.4464000000000001 000002AF
1.4464000000000001 000002AE
1.4464000000000001 000002AF
1.4464000000000001 000002AF
1.4464000000000001 000002AF
1.4464000000000001 000002AE
1.4464000000000001 000002AE
1.4464000000000001 000002AF
1.4464000000000001 000002AF
1.4464000000000001 000002AF
1.4464000000000001 000002AF
1.4464000000000001 000002AF
1.4464000000000001 000002AF
1.461 000002BA
1.461 000002BA
1.461 000002BA
1.461 000002BA
1.461 000002BA
1.461 000002BA
1.461 000002BA
1.461 000002BA
1.461 000002BA
1.461 000002BA
1.461 000002BA
1.461 000002BA
1.461 000002B9
1.461 000002BA
1.461 000002B9
1.461 000002B9
1.461 000002BA
1.461 000002BA
1.461 000002BA
1.461 000002BA
1.4756 000002D3
1.4756 000002D3
1.4756 000002D2
1.4756 000002D2
1.4756 000002D2
1.4756 000002D3
1.4756 000002D3
1.4756 000002D3
1.4756 000002D3
1.4756 000002D3
1.4756 000002D3
1.4756 000002D3
1.4756 000002D2
1.4756 000002D2
1.4756 000002D3
1.4756 000002D3
1.4756 000002D3
1.4756 000002D3
1.4756 000002D2
1.4756 000002D2
1.4902000000000002 000002DD
1.4902000000000002 000002DD
1.4902000000000002 000002DD
1.4902000000000002 000002DD
1.4902000000000002 000002DD
1.4902000000000002 000002DD
1.4902000000000002 000002DD
1.4902000000000002 000002DD
1.4902000000000002 000002DD
1.4902000000000002 000002DD
1.4902000000000002 000002DD
1.4902000000000002 000002DD
1.4902000000000002 000002DD
1.4902000000000002 000002DD
1.4902000000000002 000002DD
1.4902000000000002 000002DD
1.4902000000000002 000002DD
1.4902000000000002 000002DD
1.4902000000000002 000002DD
1.4902000000000002 000002DD
1.5048 000002F6
1.5048 000002F6
1.5048 000002F6
1.5048 000002F6
1.5048 000002F6
1.5048 000002F6
1.5048 000002F6
1.5048 000002F6
1.5048 000002F6
1.5048 000002F6
1.5048 000002F6
1.5048 000002F6
1.5048 000002F6
1.5048 000002F6
1.5048 000002F6
1.5048 000002F6
1.5048 000002F6
1.5048 000002F7
1.5048 000002F6
1.5048 000002F6
1.5194 00000310
1.5194 00000310
1.5194 00000310
1.5194 00000310
1.5194 00000311
1.5194 00000311
1.5194 00000311
1.5194 00000310
1.5194 00000310
1.5194 00000310
1.5194 00000310
1.5194 00000310
1.5194 00000310
1.5194 00000310
1.5194 00000311
1.5194 00000310
1.5194 00000310
1.5194 00000310
1.5194 00000310
1.5194 00000310
1.534 0000031A
1.534 0000031A
1.534 0000031B
1.534 0000031B
1.534 0000031B
1.534 0000031A
1.534 0000031A
1.534 0000031A
1.534 0000031A
1.534 0000031A
1.534 0000031A
1.534 0000031B
1.534 0000031A
1.534 0000031A
1.534 0000031A
1.534 0000031A
1.534 0000031A
1.534 0000031A
1.534 0000031B
1.534 0000031B
1.5486 00000334
1.5486 00000334
1.5486 00000334
1.5486 00000334
1.5486 00000334
1.5486 00000334
1.5486 00000334
1.5486 00000334
1.5486 00000334
1.5486 00000334
1.5486 00000334
1.5486 00000334
1.5486 00000334
1.5486 00000334
1.5486 00000334
1.5486 00000334
1.5486 00000334
1.5486 00000334
1.5486 00000334
1.5486 00000334
1.5632000000000001 0000033E
1.5632000000000001 0000033E
1.5632000000000001 0000033E
1.5632000000000001 0000033E
1.5632000000000001 0000033E
1.5632000000000001 0000033E
1.5632000000000001 0000033E
1.5632000000000001 0000033E
1.5632000000000001 0000033E
1.5632000000000001 0000033E
1.5632000000000001 0000033F
1.5632000000000001 0000033F
1.5632000000000001 0000033E
1.5632000000000001 0000033E
1.5632000000000001 0000033E
1.5632000000000001 0000033E
1.5632000000000001 0000033F
1.5632000000000001 0000033F
1.5632000000000001 0000033E
1.5632000000000001 0000033E
1.5778 00000357
1.5778 00000357
1.5778 00000357
1.5778 00000358
1.5778 00000357
1.5778 00000357
1.5778 00000358
1.5778 00000357
1.5778 00000357
1.5778 00000357
1.5778 00000357
1.5778 00000357
1.5778 00000357
1.5778 00000358
1.5778 00000358
1.5778 00000357
1.5778 00000357
1.5778 00000357
1.5778 00000357
1.5778 00000358
1.5924 00000371
1.5924 00000371
1.5924 00000371
1.5924 00000371
1.5924 00000371
1.5924 00000371
1.5924 00000371
1.5924 00000371
1.5924 00000371
1.5924 00000371
1.5924 00000371
1.5924 00000371
1.5924 00000371
1.5924 00000371
1.5924 00000371
1.5924 00000371
1.5924 00000371
1.5924 00000371
1.5924 00000371
1.5924 00000371
1.607 0000037A
1.607 0000037B
1.607 0000037B
1.607 0000037B
1.607 0000037B
1.607 0000037B
1.607 0000037B
1.607 0000037B
1.607 0000037B
1.607 0000037B
1.607 0000037B
1.607 0000037B
1.607 0000037B
1.607 0000037B
1.607 0000037B
1.607 0000037B
1.607 0000037B
1.607 0000037B
1.607 0000037B
1.607 0000037B
1.6216 00000395
1.6216 00000395
1.6216 00000395
1.6216 00000395
1.6216 00000395
1.6216 00000395
1.6216 00000395
1.6216 00000395
1.6216 00000395
1.6216 00000395
1.6216 00000395
1.6216 00000395
1.6216 00000395
1.6216 00000395
1.6216 00000395
1.6216 00000395
1.6216 00000394
1.6216 00000394
1.6216 00000395
1.6216 00000395
1.6362 0000039F
1.6362 0000039F
1.6362 000003AD
1.6362 000003AD
1.6362 0000039E
1.6362 0000039F
1.6362 0000039F
1.6362 0000039F
1.6362 0000039F
1.6362 0000039F
1.6362 000003AD
1.6362 0000039F
1.6362 0000039F
1.6362 0000039F
1.6362 0000039F
1.6362 0000039F
1.6362 0000039F
1.6362 000003AD
1.6362 000003AD
1.6362 000003AD
1.6508 000003B8
1.6508 000003B8
1.6508 000003B8
1.6508 000003B8
1.6508 000003B8
1.6508 000003B8
1.6508 000003B8
1.6508 000003B8
1.6508 000003B8
1.6508 000003B8
1.6508 000003B8
1.6508 000003B8
1.6508 000003B8
1.6508 000003B8
1.6508 000003B8
1.6508 000003B8
1.6508 000003B8
1.6508 000003B7
1.6508 000003B7
1.6508 000003B7
1.6654 000003D2
1.6654 000003D1
1.6654 000003D1
1.6654 000003D1
1.6654 000003D1
1.6654 000003D1
1.6654 000003D1
1.6654 000003D1
1.6654 000003D1
1.6654 000003D2
1.6654 000003D1
1.6654 000003D1
1.6654 000003D1
1.6654 000003D1
1.6654 000003D1
1.6654 000003D1
1.6654 000003D1
1.6654 000003D1
1.6654 000003D1
1.6654 000003D1
1.6800000000000002 000003DB
1.6800000000000002 000003DB
1.6800000000000002 000003DB
1.6800000000000002 000003DC
1.6800000000000002 000003DC
1.6800000000000002 000003DB
1.6800000000000002 000003DB
1.6800000000000002 000003DB
1.6800000000000002 000003DB
1.6800000000000002 000003DC
1.6800000000000002 000003DC
1.6800000000000002 000003DB
1.6800000000000002 000003DB
1.6800000000000002 000003DC
1.6800000000000002 000003DC
1.6800000000000002 000003DC
1.6800000000000002 000003DC
1.6800000000000002 000003DC
1.6800000000000002 000003DC
1.6800000000000002 000003DB
1.6945999999999999 000003F5
1.6945999999999999 000003F5
1.6945999999999999 000003F5
1.6945999999999999 000003F5
1.6945999999999999 000003F5
1.6945999999999999 000003F5
1.6945999999999999 000003F5
1.6945999999999999 000003F5
1.6945999999999999 000003F5
1.6945999999999999 000003F5
1.6945999999999999 000003F5
1.6945999999999999 000003F5
1.6945999999999999 000003F5
1.6945999999999999 000003F5
1.6945999999999999 000003F5
1.6945999999999999 000003F5
1.6945999999999999 000003F5
1.6945999999999999 000003F5
1.6945999999999999 000003F5
1.6945999999999999 000003F5
1.7092 000003FF
1.7092 000003FE
1.7092 000003FE
1.7092 0000043D
1.7092 000003FF
1.7092 000003FF
1.7092 0000043E
1.7092 000003FF
1.7092 000003FF
1.7092 000003FF
1.7092 000003FF
1.7092 0000043E
1.7092 0000043E
1.7092 0000043D
1.7092 0000043D
1.7092 0000043E
1.7092 0000043E
1.7092 0000043D
1.7092 0000043E
1.7092 0000043E
1.7238 00000456
1.7238 00000456
1.7238 00000457
1.7238 00000457
1.7238 00000457
1.7238 00000457
1.7238 00000457
1.7238 00000457
1.7238 00000457
1.7238 00000457
1.7238 00000457
1.7238 00000457
1.7238 00000457
1.7238 00000457
1.7238 00000457
1.7238 00000456
1.7238 00000456
1.7238 00000456
1.7238 00000456
1.7238 00000456
1.7384 00000470
1.7384 00000470
1.7384 00000470
1.7384 00000470
1.7384 0000046F
1.7384 00000470
1.7384 00000470
1.7384 0000046F
1.7384 0000046F
1.7384 0000046F
1.7384 0000046F
1.7384 0000046F
1.7384 0000046F
1.7384 0000046F
1.7384 00000470
1.7384 0000046F
1.7384 0000046F
1.7384 00000470
1.7384 00000470
1.7384 0000046F
1.7530000000000001 0000047A
1.7530000000000001 0000047A
1.7530000000000001 0000047A
1.7530000000000001 0000047A
1.7530000000000001 0000047A
1.7530000000000001 0000047A
1.7530000000000001 0000047A
1.7530000000000001 0000047A
1.7530000000000001 0000047A
1.7530000000000001 0000047A
1.7530000000000001 0000047A
1.7530000000000001 0000047A
1.7530000000000001 0000047A
1.7530000000000001 0000047A
1.7530000000000001 0000047A
1.7530000000000001 0000047A
1.7530000000000001 0000047A
1.7530000000000001 0000047A
1.7530000000000001 0000047A
1.7530000000000001 0000047A
1.7676 00000494
1.7676 00000493
1.7676 00000493
1.7676 00000493
1.7676 00000493
1.7676 00000493
1.7676 00000494
1.7676 00000493
1.7676 00000493
1.7676 00000494
1.7676 00000492
1.7676 00000492
1.7676 00000494
1.7676 00000494
1.7676 00000494
1.7676 00000494
1.7676 00000494
1.7676 00000494
1.7676 00000494
1.7676 00000493
1.7822 0000049E
1.7822 0000049E
1.7822 0000049D
1.7822 0000049D
1.7822 0000049D
1.7822 0000049E
1.7822 0000049E
1.7822 0000049E
1.7822 0000049D
1.7822 0000049D
1.7822 0000049E
1.7822 0000049E
1.7822 0000049E
1.7822 0000049D
1.7822 0000049D
1.7822 0000049D
1.7822 0000049D
1.7822 0000049D
1.7822 0000049D
1.7822 0000049D
1.7968000000000002 000004B6
1.7968000000000002 000004B6
1.7968000000000002 000004B6
1.7968000000000002 000004B6
1.7968000000000002 000004B6
1.7968000000000002 000004B6
1.7968000000000002 000004B7
1.7968000000000002 000004B6
1.7968000000000002 000004B6
1.7968000000000002 000004B6
1.7968000000000002 000004B6
1.7968000000000002 000004B6
1.7968000000000002 000004B7
1.7968000000000002 000004B6
1.7968000000000002 000004B6
1.7968000000000002 000004B6
1.7968000000000002 000004B7
1.7968000000000002 000004B7
1.7968000000000002 000004B6
1.7968000000000002 000004B6
1.8114000000000001 000004D0
1.8114000000000001 000004D0
1.8114000000000001 000004D0
1.8114000000000001 000004D0
1.8114000000000001 000004D0
1.8114000000000001 000004D0
1.8114000000000001 000004D0
1.8114000000000001 000004D0
1.8114000000000001 000004D0
1.8114000000000001 000004D0
1.8114000000000001 000004D0
1.8114000000000001 000004D0
1.8114000000000001 000004D0
1.8114000000000001 000004D0
1.8114000000000001 000004D0
1.8114000000000001 000004D0
1.8114000000000001 000004D0
1.8114000000000001 000004D0
1.8114000000000001 000004D0
1.8114000000000001 000004D0
1.826 000004DA
1.826 000004DA
1.826 000004DA
1.826 000004DA
1.826 000004DA
1.826 000004DA
1.826 000004DA
1.826 000004DA
1.826 000004DA
1.826 000004DA
1.826 000004DA
1.826 000004DA
1.826 000004DA
1.826 000004DA
1.826 000004DA
1.826 000004DA
1.826 000004DA
1.826 000004DA
1.826 000004DA
1.826 000004DA
1.8406000000000002 000004F3
1.8406000000000002 000004F3
1.8406000000000002 000004F3
1.8406000000000002 000004F3
1.8406000000000002 000004F3
1.8406000000000002 000004F2
1.8406000000000002 000004F2
1.8406000000000002 000004F3
1.8406000000000002 000004F3
1.8406000000000002 000004F3
1.8406000000000002 000004F3
1.8406000000000002 000004F3
1.8406000000000002 000004F3
1.8406000000000002 000004F4
1.8406000000000002 000004F2
1.8406000000000002 000004F2
1.8406000000000002 000004F3
1.8406000000000002 000004F2
1.8406000000000002 000004F2
1.8406000000000002 000004F2
1.8552 000004FD
1.8552 000004FE
1.8552 000004FE
1.8552 000004FD
1.8552 000004FD
1.8552 000004FD
1.8552 000004FD
1.8552 000004FD
1.8552 000004FD
1.8552 000004FD
1.8552 000004FE
1.8552 000004FE
1.8552 000004FE
1.8552 000004FD
1.8552 000004FD
1.8552 000004FD
1.8552 000004FD
1.8552 000004FD
1.8552 000004FD
1.8552 000004FD
1.8698000000000001 00000517
1.8698000000000001 00000516
1.8698000000000001 00000516
1.8698000000000001 00000516
1.8698000000000001 00000517
1.8698000000000001 00000517
1.8698000000000001 00000517
1.8698000000000001 00000516
1.8698000000000001 00000516
1.8698000000000001 00000516
1.8698000000000001 00000517
1.8698000000000001 00000517
1.8698000000000001 00000517
1.8698000000000001 00000517
1.8698000000000001 00000517
1.8698000000000001 00000517
1.8698000000000001 00000517
1.8698000000000001 00000517
1.8698000000000001 00000516
1.8698000000000001 00000516
1.8844 00000530
1.8844 0000052F
1.8844 0000052F
1.8844 0000052F
1.8844 0000052F
1.8844 00000530
1.8844 0000052F
1.8844 0000052F
1.8844 0000052F
1.8844 0000052F
1.8844 0000052F
1.8844 0000052F
1.8844 0000052F
1.8844 0000052F
1.8844 0000052F
1.8844 0000052F
1.8844 0000052F
1.8844 0000052F
1.8844 0000052F
1.8844 0000052F
1.899 0000053A
1.899 0000053A
1.899 0000053A
1.899 0000053A
1.899 0000053A
1.899 0000053A
1.899 0000053A
1.899 0000053A
1.899 0000053A
1.899 0000053A
1.899 0000053A
1.899 0000053A
1.899 0000053A
1.899 0000053A
1.899 0000053A
1.899 0000053A
1.899 0000053A
1.899 0000053A
1.899 0000053A
1.899 0000053A
1.9136000000000002 00000553
1.9136000000000002 00000553
1.9136000000000002 00000553
1.9136000000000002 00000553
1.9136000000000002 00000552
1.9136000000000002 00000553
1.9136000000000002 00000553
1.9136000000000002 00000554
1.9136000000000002 00000552
1.9136000000000002 00000552
1.9136000000000002 00000553
1.9136000000000002 00000552
1.9136000000000002 00000552
1.9136000000000002 00000553
1.9136000000000002 00000552
1.9136000000000002 00000552
1.9136000000000002 00000552
1.9136000000000002 00000552
1.9136000000000002 00000552
1.9136000000000002 00000553
1.9282 0000055D
1.9282 0000055D
1.9282 0000055D
1.9282 0000055D
1.9282 0000055D
1.9282 0000055D
1.9282 0000055D
1.9282 0000055D
1.9282 0000055E
1.9282 0000055D
1.9282 0000055D
1.9282 0000055D
1.9282 0000055D
1.9282 0000055D
1.9282 0000055D
1.9282 0000055D
1.9282 0000055D
1.9282 0000055D
1.9282 0000055D
1.9282 0000055D
1.9428 00000576
1.9428 00000576
1.9428 00000576
1.9428 00000576
1.9428 00000576
1.9428 00000576
1.9428 00000576
1.9428 00000576
1.9428 00000576
1.9428 00000576
1.9428 00000575
1.9428 00000575
1.9428 00000575
1.9428 00000575
1.9428 00000576
1.9428 00000576
1.9428 00000576
1.9428 00000576
1.9428 00000576
1.9428 00000576
1.9574 0000057F
1.9574 0000057F
1.9574 0000057F
1.9574 0000057F
1.9574 0000057F
1.9574 0000057F
1.9574 0000057F
1.9574 0000058F
1.9574 0000058F
1.9574 0000057F
1.9574 0000057F
1.9574 0000057F
1.9574 0000057F
1.9574 0000058F
1.9574 0000058F
1.9574 0000057F
1.9574 0000057F
1.9574 0000057F
1.9574 0000057F
1.9574 00000590
1.9720000000000002 00000599
1.9720000000000002 00000599
1.9720000000000002 00000599
1.9720000000000002 00000599
1.9720000000000002 00000599
1.9720000000000002 00000599
1.9720000000000002 00000599
1.9720000000000002 00000599
1.9720000000000002 00000599
1.9720000000000002 00000599
1.9720000000000002 00000599
1.9720000000000002 00000599
1.9720000000000002 00000599
1.9720000000000002 00000599
1.9720000000000002 00000599
1.9720000000000002 00000599
1.9720000000000002 00000599
1.9720000000000002 00000599
1.9720000000000002 00000599
1.9720000000000002 0000059A
1.9866000000000001 000005B2
1.9866000000000001 000005B2
1.9866000000000001 000005B2
1.9866000000000001 000005B2
1.9866000000000001 000005B2
1.9866000000000001 000005B2
1.9866000000000001 000005B2
1.9866000000000001 000005B1
1.9866000000000001 000005B2
1.9866000000000001 000005B2
1.9866000000000001 000005B2
1.9866000000000001 000005B2
1.9866000000000001 000005B2
1.9866000000000001 000005B1
1.9866000000000001 000005B2
1.9866000000000001 000005B2
1.9866000000000001 000005B2
1.9866000000000001 000005B2
1.9866000000000001 000005B2
1.9866000000000001 000005B2
2.0012 000005BC
2.0012 000005BC
2.0012 000005BC
2.0012 000005BC
2.0012 000005BC
2.0012 000005BC
2.0012 000005BC
2.0012 000005BC
2.0012 000005BD
2.0012 000005BD
2.0012 000005BC
2.0012 000005BC
2.0012 000005BC
2.0012 000005BC
2.0012 000005BC
2.0012 000005BC
2.0012 000005BC
2.0012 000005BC
2.0012 000005BC
2.0012 000005BB
2.0158 000005D5
2.0158 000005D5
2.0158 000005D5
2.0158 000005D5
2.0158 000005D5
2.0158 000005D5
2.0158 000005D5
2.0158 000005D5
2.0158 000005D5
2.0158 000005D5
2.0158 000005D5
2.0158 000005D5
2.0158 000005D5
2.0158 000005D5
2.0158 000005D5
2.0158 000005D5
2.0158 000005D5
2.0158 000005D5
2.0158 000005D5
2.0158 000005D5
2.0304 000005DF
2.0304 000005DF
2.0304 000005DF
2.0304 000005DF
2.0304 000005DF
2.0304 000005DE
2.0304 000005DE
2.0304 000005DE
2.0304 000005DF
2.0304 000005DF
2.0304 000005DF
2.0304 000005DF
2.0304 000005DF
2.0304 000005DF
2.0304 000005DE
2.0304 000005DE
2.0304 000005DF
2.0304 000005DF
2.0304 000005DF
2.0304 000005DF
2.045 000005F7
2.045 000005F7
2.045 000005F7
2.045 000005F7
2.045 000005F7
2.045 000005F7
2.045 000005F7
2.045 000005F7
2.045 000005F8
2.045 000005F8
2.045 000005F7
2.045 000005F7
2.045 000005F8
2.045 000005F7
2.045 000005F7
2.045 000005F7
2.045 000005F7
2.045 000005F7
2.045 000005F7
2.045 000005F7
2.0596 00000611
2.0596 00000611
2.0596 00000611
2.0596 00000611
2.0596 00000611
2.0596 00000611
2.0596 00000611
2.0596 00000611
2.0596 00000611
2.0596 00000611
2.0596 00000611
2.0596 00000611
2.0596 00000611
2.0596 00000611
2.0596 00000611
2.0596 00000611
2.0596 00000611
2.0596 00000611
2.0596 00000611
2.0596 00000611
2.0742000000000003 0000061A
2.0742000000000003 0000061A
2.0742000000000003 0000061B
2.0742000000000003 0000061A
2.0742000000000003 0000061A
2.0742000000000003 0000061B
2.0742000000000003 0000061B
2.0742000000000003 0000061B
2.0742000000000003 0000061B
2.0742000000000003 0000061A
2.0742000000000003 0000061A
2.0742000000000003 0000061B
2.0742000000000003 0000061B
2.0742000000000003 0000061B
2.0742000000000003 0000061B
2.0742000000000003 0000061B
2.0742000000000003 0000061B
2.0742000000000003 0000061B
2.0742000000000003 0000061B
2.0742000000000003 0000061B
2.0888 00000634
2.0888 00000634
2.0888 00000634
2.0888 00000634
2.0888 00000633
2.0888 00000633
2.0888 00000633
2.0888 00000634
2.0888 00000634
2.0888 00000634
2.0888 00000634
2.0888 00000634
2.0888 00000634
2.0888 00000634
2.0888 00000634
2.0888 00000634
2.0888 00000634
2.0888 00000634
2.0888 00000634
2.0888 00000633
2.1034 0000063E
2.1034 0000063D
2.1034 0000063E
2.1034 0000063E
2.1034 0000063D
2.1034 0000063D
2.1034 0000063D
2.1034 0000063D
2.1034 0000063E
2.1034 0000063E
2.1034 0000063D
2.1034 0000063E
2.1034 0000063E
2.1034 0000063E
2.1034 0000063E
2.1034 0000063D
2.1034 0000063D
2.1034 0000063D
2.1034 0000063D
2.1034 0000063D
2.1180000000000003 00000657
2.1180000000000003 00000656
2.1180000000000003 00000656
2.1180000000000003 00000656
2.1180000000000003 00000656
2.1180000000000003 00000656
2.1180000000000003 00000656
2.1180000000000003 00000656
2.1180000000000003 00000656
2.1180000000000003 00000656
2.1180000000000003 00000656
2.1180000000000003 00000655
2.1180000000000003 00000655
2.1180000000000003 00000656
2.1180000000000003 00000656
2.1180000000000003 00000656
2.1180000000000003 00000656
2.1180000000000003 00000656
2.1180000000000003 00000656
2.1180000000000003 00000655
2.1326 0000066F
2.1326 0000066F
2.1326 0000065F
2.1326 0000065F
2.1326 0000066E
2.1326 0000066F
2.1326 0000066F
2.1326 0000066E
2.1326 0000066E
2.1326 0000066E
2.1326 0000066E
2.1326 0000065F
2.1326 0000065F
2.1326 0000066E
2.1326 0000066E
2.1326 0000066E
2.1326 0000066E
2.1326 0000066E
2.1326 0000066E
2.1326 0000066E
2.1471999999999998 00000678
2.1471999999999998 00000678
2.1471999999999998 00000679
2.1471999999999998 00000679
2.1471999999999998 00000678
2.1471999999999998 00000679
2.1471999999999998 00000679
2.1471999999999998 00000678
2.1471999999999998 00000678
2.1471999999999998 00000678
2.1471999999999998 00000678
2.1471999999999998 00000678
2.1471999999999998 00000678
2.1471999999999998 00000678
2.1471999999999998 00000678
2.1471999999999998 00000678
2.1471999999999998 00000679
2.1471999999999998 00000679
2.1471999999999998 00000679
2.1471999999999998 00000679
2.1618000000000004 00000691
2.1618000000000004 00000690
2.1618000000000004 00000691
2.1618000000000004 00000691
2.1618000000000004 00000691
2.1618000000000004 00000691
2.1618000000000004 00000691
2.1618000000000004 00000691
2.1618000000000004 00000691
2.1618000000000004 00000691
2.1618000000000004 00000691
2.1618000000000004 00000691
2.1618000000000004 00000691
2.1618000000000004 00000691
2.1618000000000004 00000691
2.1618000000000004 00000691
2.1618000000000004 00000691
2.1618000000000004 00000691
2.1618000000000004 00000691
2.1618000000000004 00000691
2.1764 0000069A
2.1764 0000069A
2.1764 0000069A
2.1764 0000069A
2.1764 0000069B
2.1764 0000069B
2.1764 0000069B
2.1764 0000069A
2.1764 0000069A
2.1764 0000069A
2.1764 0000069A
2.1764 0000069A
2.1764 0000069A
2.1764 0000069A
2.1764 0000069A
2.1764 0000069A
2.1764 0000069A
2.1764 0000069A
2.1764 0000069A
2.1764 0000069B
2.1910000000000003 000006B2
2.1910000000000003 000006B2
2.1910000000000003 000006B2
2.1910000000000003 000006B3
2.1910000000000003 000006B3
2.1910000000000003 000006B2
2.1910000000000003 000006B2
2.1910000000000003 000006B2
2.1910000000000003 000006B2
2.1910000000000003 000006B2
2.1910000000000003 000006B3
2.1910000000000003 000006B3
2.1910000000000003 000006B3
2.1910000000000003 000006B2
2.1910000000000003 000006B2
2.1910000000000003 000006B2
2.1910000000000003 000006B2
2.1910000000000003 000006B2
2.1910000000000003 000006B3
2.1910000000000003 000006B3
2.2056000000000004 000006BC
2.2056000000000004 000006BC
2.2056000000000004 000006BC
2.2056000000000004 000006BD
2.2056000000000004 000006BD
2.2056000000000004 000006BD
2.2056000000000004 000006BD
2.2056000000000004 000006BD
2.2056000000000004 000006BD
2.2056000000000004 000006BD
2.2056000000000004 000006BD
2.2056000000000004 000006BC
2.2056000000000004 000006BC
2.2056000000000004 000006BC
2.2056000000000004 000006BC
2.2056000000000004 000006BD
2.2056000000000004 000006BD
2.2056000000000004 000006BD
2.2056000000000004 000006BD
2.2056000000000004 000006BD
2.2202 000006D5
2.2202 000006D5
2.2202 000006D5
2.2202 000006D5
2.2202 000006D5
2.2202 000006D5
2.2202 000006D5
2.2202 000006D5
2.2202 000006D5
2.2202 000006D4
2.2202 000006D5
2.2202 000006D5
2.2202 000006D5
2.2202 000006D5
2.2202 000006D5
2.2202 000006D5
2.2202 000006D5
2.2202 000006D5
2.2202 000006D4
2.2202 000006D5
2.2348 000006DE
2.2348 000006DE
2.2348 000006DE
2.2348 000006DE
2.2348 000006DE
2.2348 000006DE
2.2348 000006DE
2.2348 000006DE
2.2348 000006DE
2.2348 000006DE
2.2348 000006DE
2.2348 000006DE
2.2348 000006DE
2.2348 000006DE
2.2348 000006DE
2.2348 000006DE
2.2348 000006DE
2.2348 000006DE
2.2348 000006DE
2.2348 000006DE
2.2494000000000005 000006F6
2.2494000000000005 000006F6
2.2494000000000005 000006F6
2.2494000000000005 000006F6
2.2494000000000005 000006F6
2.2494000000000005 000006F6
2.2494000000000005 000006F6
2.2494000000000005 000006F7
2.2494000000000005 000006F6
2.2494000000000005 000006F6
2.2494000000000005 000006F6
2.2494000000000005 000006F6
2.2494000000000005 000006F6
2.2494000000000005 000006F6
2.2494000000000005 000006F6
2.2494000000000005 000006F6
2.2494000000000005 000006F6
2.2494000000000005 000006F6
2.2494000000000005 000006F6
2.2494000000000005 000006F6
2.2640000000000002 0000070E
2.2640000000000002 000006FF
2.2640000000000002 000006FF
2.2640000000000002 0000070F
2.2640000000000002 0000070F
2.2640000000000002 0000070F
2.2640000000000002 000006FF
2.2640000000000002 000006FF
2.2640000000000002 000006FF
2.2640000000000002 0000070F
2.2640000000000002 0000070F
2.2640000000000002 0000070F
2.2640000000000002 0000070F
2.2640000000000002 000006FF
2.2640000000000002 000006FF
2.2640000000000002 0000070F
2.2640000000000002 0000070F
2.2640000000000002 0000070F
2.2640000000000002 0000070F
2.2640000000000002 000006FF
2.2786 00000719
2.2786 00000718
2.2786 00000718
2.2786 00000719
2.2786 00000718
2.2786 00000718
2.2786 00000719
2.2786 00000719
2.2786 00000718
2.2786 00000718
2.2786 00000718
2.2786 00000718
2.2786 00000719
2.2786 00000719
2.2786 00000718
2.2786 00000719
2.2786 00000719
2.2786 00000718
2.2786 00000718
2.2786 00000718
2.2932 00000730
2.2932 00000730
2.2932 00000730
2.2932 00000730
2.2932 00000730
2.2932 00000730
2.2932 00000730
2.2932 00000730
2.2932 00000730
2.2932 00000730
2.2932 00000730
2.2932 0000072F
2.2932 00000730
2.2932 00000730
2.2932 00000730
2.2932 00000730
2.2932 00000730
2.2932 0000072F
2.2932 0000072F
2.2932 0000072F
2.3078000000000003 00000739
2.3078000000000003 00000739
2.3078000000000003 0000073A
2.3078000000000003 0000073A
2.3078000000000003 00000739
2.3078000000000003 00000739
2.3078000000000003 0000073A
2.3078000000000003 0000073A
2.3078000000000003 0000073A
2.3078000000000003 0000073A
2.3078000000000003 00000739
2.3078000000000003 00000739
2.3078000000000003 0000073A
2.3078000000000003 0000073A
2.3078000000000003 00000739
2.3078000000000003 00000739
2.3078000000000003 00000739
2.3078000000000003 0000073A
2.3078000000000003 0000073A
2.3078000000000003 0000073A
2.3224 00000751
2.3224 00000751
2.3224 00000752
2.3224 00000752
2.3224 00000751
2.3224 00000751
2.3224 00000751
2.3224 00000751
2.3224 00000751
2.3224 00000751
2.3224 00000751
2.3224 00000751
2.3224 00000752
2.3224 00000752
2.3224 00000751
2.3224 00000751
2.3224 00000751
2.3224 00000751
2.3224 00000751
2.3224 00000751
2.337 0000075A
2.337 0000075A
2.337 0000075A
2.337 0000075A
2.337 0000075A
2.337 0000075A
2.337 0000075A
2.337 0000075B
2.337 0000075B
2.337 0000075A
2.337 0000075A
2.337 0000075A
2.337 0000075A
2.337 0000075A
2.337 0000075A
2.337 0000075A
2.337 0000075A
2.337 0000075A
2.337 0000075A
2.337 0000075A
2.3516000000000004 00000772
2.3516000000000004 00000772
2.3516000000000004 00000772
2.3516000000000004 00000772
2.3516000000000004 00000772
2.3516000000000004 00000772
2.3516000000000004 00000772
2.3516000000000004 00000772
2.3516000000000004 00000772
2.3516000000000004 00000772
2.3516000000000004 00000772
2.3516000000000004 00000772
2.3516000000000004 00000772
2.3516000000000004 00000772
2.3516000000000004 00000772
2.3516000000000004 00000772
2.3516000000000004 00000772
2.3516000000000004 00000772
2.3516000000000004 00000771
2.3516000000000004 00000772
2.3662 0000077B
2.3662 0000077B
2.3662 0000077A
2.3662 0000077B
2.3662 0000077B
2.3662 0000077A
2.3662 0000077B
2.3662 0000077B
2.3662 0000077B
2.3662 0000077B
2.3662 0000077B
2.3662 0000077B
2.3662 0000077A
2.3662 0000077A
2.3662 0000077B
2.3662 0000077B
2.3662 0000077B
2.3662 0000077B
2.3662 0000077B
2.3662 0000077B
2.3808 00000792
2.3808 00000792
2.3808 00000792
2.3808 00000792
2.3808 00000792
2.3808 00000792
2.3808 00000792
2.3808 00000792
2.3808 00000792
2.3808 00000792
2.3808 00000792
2.3808 00000792
2.3808 00000792
2.3808 00000792
2.3808 00000792
2.3808 00000792
2.3808 00000792
2.3808 00000792
2.3808 00000792
2.3808 00000792
2.3954000000000004 0000079B
2.3954000000000004 0000079B
2.3954000000000004 0000079B
2.3954000000000004 0000079B
2.3954000000000004 0000079B
2.3954000000000004 0000079B
2.3954000000000004 0000079B
2.3954000000000004 0000079B
2.3954000000000004 0000079B
2.3954000000000004 0000079B
2.3954000000000004 0000079B
2.3954000000000004 0000079A
2.3954000000000004 0000079B
2.3954000000000004 0000079B
2.3954000000000004 0000079A
2.3954000000000004 0000079B
2.3954000000000004 0000079B
2.3954000000000004 0000079B
2.3954000000000004 0000079B
2.3954000000000004 0000079B
